0.44242459452916927	0.05702081016423652	0.0
0.4265249695333693	0.04735815302826293	0.0
0.43007897036365583	0.04313211116500325	0.0
0.4381752701080433	0.05170727276800416	0.0
0.43368840038899065	0.05052909233136085	0.0
0.427026585868478	0.0527333042335504	0.0
0.39801347428967077	0.05203888319831661	0.0
0.4269694558364444	0.06496525443425036	0.0
0.4162381989832966	0.05303831487856231	0.0
0.3619929604494861	0.045809109208758345	0.0
0.4093277765405782	0.05094765227267462	0.0
0.37326942628903387	0.05040178497549107	0.0
0.4042106627775077	0.07121636132426978	0.0
0.36701634829690677	0.05252734967557777	0.0
0.3789935178460962	0.05765617351344446	0.0
0.4303829581215199	0.07184304808587821	0.0
0.3752957182873151	0.05200314912123142	0.0
0.3709085838779958	0.0497235791058956	0.0
0.38197006613296214	0.047521350080180894	0.0
0.36173060790952277	0.04717633678604463	0.0
0.40137853314638416	0.06427590729922097	0.0
0.40918574529160556	0.06640279904534176	0.0
0.36771762839579614	0.053579640619767735	0.0
0.3904300761626965	0.05185421285703693	0.0
0.4049337214415849	0.06354373612409843	0.0
0.4143222506393863	0.05983776060648012	0.0
0.40328426846269433	0.051579640234468496	0.0
0.36378772112382923	0.04679465622965173	0.0
0.38470612719593567	0.04905802135632536	0.0
0.37417125625615166	0.04551504071927513	0.0
0.3551734969530712	0.05222054434406069	0.0
0.35258871943839243	0.043855875371757794	0.0
0.35526668675935524	0.05022854493614807	0.0
0.3741785772160105	0.05281926371705151	0.0
0.3738342930465858	0.05850416848999365	0.0
0.3648339335734295	0.06868570913623351	0.0
0.3655485334629721	0.0684950649910702	0.0
0.40886001459407306	0.04749065144538316	0.0
0.4836154870111311	0.06282012126718102	0.0
0.34244642226683736	0.04628406686321341	0.0
0.34078326797385644	0.04571798906615316	0.0
0.35563098869935134	0.050213971375614286	0.0
0.34430843553449964	0.05106628758339992	0.0
0.347044817927171	0.04999622708919134	0.0
0.3951504977734256	0.08199556890442058	0.0
0.47345278505850835	0.058683617944440825	0.0
0.4101550197711444	0.059365598828285876	0.0
0.39850387799564274	0.049151838977321956	0.0
0.3382431716294994	0.050853667589514366	0.0
0.3760089529271874	0.07827193715806233	0.0
0.3572517647058826	0.07279892712298847	0.0
0.34831891940449666	0.0645465630309201	0.0
0.3717560154255608	0.050316286840825016	0.0
0.3743048239704047	0.048460186324974466	0.0
0.3683645726426477	0.06115225479952143	0.0
0.3896312797308274	0.05161950459041001	0.0
0.4845296538368432	0.08001910097854491	0.0
0.3611639571999703	0.061068666807284885	0.0
0.32951881252308707	0.050901729653129064	0.0
0.31781747760832724	0.04349528520550281	0.0
0.3226346538615447	0.04972609923165936	0.0
0.3185475258098969	0.05293894686127262	0.0
0.46016918311009336	0.0551179566162919	0.0
0.4426295280448079	0.05143054989373232	0.0
0.459351229919111	0.056272218552675064	0.0
0.5970684570124352	0.05462953946959769	0.0
0.6033149874335892	0.048166220922401026	0.0
0.47227723927167525	0.06360666765208976	0.0
0.4885859096920796	0.07595435813015476	0.0
0.4926002400960385	0.05795121837976942	0.0
0.5108091236494597	0.07386722463890553	0.0
0.5036349042540994	0.06624734208635168	0.0
0.5004702615027363	0.057376531983499436	0.0
0.47397925925925916	0.04681635618200468	0.0
0.49977226829373095	0.06548660094321607	0.0
0.43238941377397494	0.04743126526685793	0.0
0.39790448723868255	0.04855401652863505	0.0
0.38312312579352703	0.06501329635284799	0.0
0.40946987772935	0.07400779975217758	0.0
0.39788769285364234	0.06035805717350472	0.0
0.4200322376609328	0.07578191925814516	0.0
0.42419450980392165	0.06462928385086608	0.0
0.3882672489548107	0.05044543667857051	0.0
0.4376075528193564	0.04036093152670212	0.0
0.47568845315904107	0.05310132750267075	0.0
0.496480968503129	0.06769719084579087	0.0
0.3846507904199741	0.044520561248685364	0.0
0.4071017229721851	0.05628004660131353	0.0
0.4082087300168574	0.043043663840594826	0.0
0.4131590413943351	0.04592560745519621	0.0
0.4341828776217915	0.05546673146207197	0.0
0.46091935396748246	0.06575713597146869	0.0
0.46101066048873157	0.05250515688494673	0.0
0.44205994572646906	0.047087320406713366	0.0
0.43274583030569286	0.05138069131438466	0.0
0.4245453283354159	0.06011826022569086	0.0
0.4097236338322313	0.05698441096093844	0.0
0.4284494996483781	0.07343310287940986	0.0
0.3968673860076574	0.05598594835871356	0.0
0.4152088175961023	0.05804072740563355	0.0
0.33356181949593167	0.06236376669430543	0.0
0.3836477800996939	0.0472943364147837	0.0
0.47991388534374935	0.04673928607543058	0.0
0.4531454853546353	0.06610485092470411	0.0
0.43318388879886216	0.05375783420418669	0.0
0.542313454307343	0.05933016824493944	0.0
0.49734996039232016	0.05167313581046585	0.0
0.5253677595923586	0.06689218869368775	0.0
0.45206882021212663	0.04857477706566366	0.0
0.44095106708581167	0.0480110827867632	0.0
0.481669329460179	0.05593935974269992	0.0
0.5342559890948625	0.06467476543649078	0.0
0.4910093182451915	0.06874178771084256	0.0
0.46768719591788294	0.05213268746333399	0.0
0.4766961994674411	0.05782139651186538	0.0
0.31595660680459464	0.04975196146951803	0.0
0.303051572684973	0.04596851311101395	0.0
0.3370725769480057	0.05342695568797872	0.0
0.4080366415466143	0.05594722741232416	0.0
0.49893903649559734	0.08173331446607618	0.0
0.5121874927485788	0.08445151600187945	0.0
0.5174404400421615	0.0914339978834884	0.0
0.490851617267966	0.08767912836349288	0.0
0.48103854948774727	0.08290791941255131	0.0
0.4785293923163393	0.062236668741708176	0.0
0.49414072555233046	0.08214423866643443	0.0
0.47694724788964926	0.08437374423855751	0.0
0.5210020008003201	0.07697721428563074	0.0
0.49777115010784767	0.08695555638095116	0.0
0.5080817512190062	0.07333739305507954	0.0
0.3582368030960688	0.062454079780948905	0.0
0.4549180989268132	0.05923774788312941	0.0
0.4041239492628198	0.06482891271910703	0.0
0.39637542483660143	0.052044345755919826	0.0
0.39510586058911956	0.06116053542666403	0.0
0.39478511404561845	0.06892857559264558	0.0
0.38410716073583406	0.07049234696133731	0.0
0.367072817547201	0.04864699069422417	0.0
0.3766786030895094	0.04986221220600681	0.0
0.42020186338273646	0.04569124508153005	0.0
0.3687456970489051	0.05980969743432777	0.0
0.4330007549325656	0.08027782981284982	0.0
0.3642262786157013	0.049376557083939655	0.0
0.473604826546003	0.07078249025794404	1.0
0.4718876899872375	0.056300907496805636	1.0
0.4649912895214798	0.07955549297737609	1.0
0.4714700081215919	0.08077353437036539	1.0
0.48665106646225015	0.09213202047997729	1.0
0.4046814573580298	0.06927069721273786	1.0
0.45045118393378114	0.08552785724795657	1.0
0.4669583535893696	0.07966700736086915	1.0
0.3915999535909039	0.06447671249600098	1.0
0.4237032209005487	0.0645741349904633	1.0
0.4208679593721145	0.08818752659128574	1.0
0.37442858800324863	0.08151960293867384	1.0
0.39921104536489155	0.07635388144947995	1.0
0.4407239819004526	0.09044944724188214	1.0
0.4467107553080404	0.09572223299138581	1.0
0.39849377336668534	0.07091136856803085	1.0
0.4537082371593107	0.09870363780694452	1.0
0.4062188188885021	0.08151669924519751	1.0
0.3748926789650771	0.06839673038302323	1.0
0.4532814778804084	0.09222868765729263	1.0
0.4011370228564799	0.07781550503563704	1.0
0.42647638937231697	0.07715200846194578	1.0
0.37275786054066595	0.06587693437744234	1.0
0.4087249100823761	0.08467528043140343	1.0
0.39668174962292624	0.07531750531571436	1.0
0.4303074316146211	0.09358241094814335	1.0
0.43726168668159304	0.07584313596469018	1.0
0.42090422946037925	0.08465410610428648	1.0
0.41134338032733764	0.07625544001560135	1.0
0.38348598955153007	0.057292216221881194	1.0
0.37429193899782137	0.06453672160453558	1.0
0.44569934640522874	0.07121423325557764	1.0
0.4584678315770753	0.09774507960281494	1.0
0.420829092882828	0.07327915740209794	1.0
0.423529411764706	0.07754636068159838	1.0
0.39873804192957457	0.0676119516208804	1.0
0.40647262365153675	0.060778033278634035	1.0
0.38896271945163324	0.06432919000329333	1.0
0.47632810909831047	0.09436691655666962	1.0
0.4811316914308978	0.10433386487119725	1.0
0.4937919804600039	0.11557867834386645	1.0
0.41361433462273806	0.08541499736315983	1.0
0.4406651549508692	0.09387758168876253	1.0
0.43137254901960786	0.0810806639962579	1.0
0.3723221520012964	0.08572507388070394	1.0
0.4560348583877995	0.09738867578035948	1.0
0.3814595660749507	0.07105708445982463	1.0
0.4604648993961437	0.10990863609641432	1.0
0.4099547511312217	0.06348045975143217	1.0
0.4794717887154858	0.10341092791221243	1.0
0.43795372820408446	0.08005304449253511	1.0
0.3807755991285403	0.0856939695892536	1.0
0.5033056295220422	0.08648852347905589	1.0
0.46541176470588247	0.10423998573073662	1.0
0.38431372549019605	0.07504964395688093	1.0
0.4174363960460217	0.08653399837844986	1.0
0.4635877491492465	0.09638899601220831	1.0
0.5171668667466988	0.07866644776856703	1.0
0.3907162865146058	0.06666519547372764	1.0
0.39895958383353325	0.0863404958226022	1.0
0.5054414665274394	0.09580310017892309	1.0
0.4577786824072192	0.08353764663661944	1.0
0.45647058823529413	0.09847173500353525	1.0
0.4347363834422659	0.06977799502432334	1.0
0.43840544482255717	0.07766606579833654	1.0
0.44767460703289574	0.07022602834342591	1.0
0.4363312267055582	0.0778240680534096	1.0
0.45840220385674935	0.07282547864830254	1.0
0.41380651434127375	0.05863826855750166	1.0
0.46128666342570074	0.12503505312064483	1.0
0.4750932899111202	0.0849530537533046	1.0
0.4045248868778281	0.07147999833025513	1.0
0.40900988494571383	0.06258690152906507	1.0
0.4097228974234322	0.06493344648974798	1.0
0.441350504698921	0.06768860086565487	1.0
0.43357698108829323	0.09037229449000968	1.0
0.4466411416637661	0.06604039531244488	1.0
0.45756969454448443	0.1069318029602809	1.0
0.4608687919612289	0.11489259836523939	1.0
0.4290486564996367	0.051381445786193074	1.0
0.43090845805777944	0.06529289311700645	1.0
0.3434173669467788	0.06859943405700353	1.0
0.46618647458983614	0.14649047614378827	1.0
0.409923969587835	0.10024033033012848	1.0
0.38412006778019825	0.07638985490594978	1.0
0.5259115216334468	0.07027490672465479	1.0
0.5188786258304974	0.07034277048088433	1.0
0.5154488092814979	0.09702118235118891	1.0
0.4915904139433552	0.07663092594110928	1.0
0.47713498622589534	0.06718634137567654	1.0
0.5151660664265705	0.08815426154763437	1.0
0.4647458983593433	0.07587383398237954	1.0
0.360087145969499	0.05627466162596328	1.0
0.4089126559714796	0.06523452107566825	1.0
0.4822233025441581	0.07274824065987712	1.0
0.42450170150704913	0.06847093448193031	1.0
0.45503159941662624	0.087177293655536	1.0
0.4516934046345811	0.09485549556608477	1.0
0.494013071895425	0.09106716136669162	1.0
0.45214061956143403	0.07503574214125153	1.0
0.3677523902122833	0.0678376355079724	1.0
0.42667314859828237	0.08763429281466778	1.0
0.41951061416302055	0.10659583241322379	1.0
0.40169450496247877	0.07600142219172808	1.0
0.3986698773076483	0.08266167815949414	1.0
0.44210014584346136	0.07950372887672268	1.0
0.3991573488899693	0.07171434107462997	1.0
0.3933402946977609	0.08255810637462921	1.0
0.36814130610922063	0.062293246897072184	1.0
0.3812996272889321	0.07333745808290536	1.0
0.40792596193665714	0.12018083875945101	1.0
0.36606708799222176	0.07437674866324254	1.0
0.4158807324582727	0.14880777103586929	1.0
0.39604602171447095	0.10229519803058959	1.0
0.3643123685460344	0.05761563489885771	1.0
0.417767106842737	0.0887064473870587	1.0
0.3786314525810323	0.10704715522281798	1.0
0.4216886754701879	0.08448114568302896	1.0
0.4168232973662838	0.11135886842905914	1.0
0.37757251660994984	0.05373699399881017	1.0
0.4174469787915165	0.08806105244889417	1.0
0.4210484193677469	0.07940044249775667	1.0
0.3945578231292515	0.08361856731477835	1.0
0.4392957182873149	0.06810016762762146	1.0
0.430172068827531	0.058557153307963954	1.0
0.4221688675470186	0.06915553599432339	1.0
0.36638655462184877	0.08037621394600672	1.0
0.39719887955182054	0.0786435039763151	1.0
0.3701480592236894	0.05470796916938708	1.0
0.4457783113245299	0.07949599243009196	1.0
0.4310524209683872	0.08523150257731286	1.0
0.4362545018007199	0.07935134719448345	1.0
0.4036014405762302	0.06401311027438891	1.0
0.4679471788715482	0.07765294984544284	1.0
0.42953181272508967	0.0738190462960831	1.0
0.43865546218487383	0.07661708775863335	1.0
0.45842336934773864	0.08487140727072202	1.0
0.4040016006402558	0.07153723815148054	1.0
0.424969987995198	0.07547404070214912	1.0
0.399519807923169	0.06246174096489605	1.0
0.43062309368191715	0.06474978468947037	1.0
0.39791916766706664	0.07242128855007564	1.0
0.4019445794846865	0.08482913443923401	1.0
0.3757899854156539	0.08003856190622116	1.0
0.47869064981364445	0.09139125104852656	1.0
0.45397923875432544	0.08811841690303275	1.0
0.397245179063361	0.09534822508137847	1.0
0.41108410306271276	0.09553357268746936	1.0
0.4673812636165578	0.11716566100622766	1.0
0.3816509319777292	0.08990324835072128	1.0
0.35939204084000465	0.055062372552391006	1.0
0.4066327765674171	0.08809278682646493	1.0
0.40435729847494534	0.07173362661427121	1.0
0.3598160251755021	0.060580083416945915	1.0
0.3420479302832242	0.051550358353427396	1.0
0.42569027611044397	0.08324701883013409	1.0
0.4009063180827888	0.10509157913634344	1.0
0.39457952069716784	0.0966722378128557	1.0
0.47791281801976987	0.09820240294313735	1.0
0.3765029978933723	0.07947588127000789	1.0
0.3713498622589532	0.08644641663434512	1.0
0.3815264948954789	0.0806061841191108	1.0
0.35660346783341434	0.0773267565664982	1.0
0.37151191054934374	0.06963732892024808	1.0
0.3735213093501864	0.06856258557627212	1.0
0.3896289094150057	0.06531081751567257	1.0
0.32652730513693085	0.0654635157484982	1.0
0.3747450980392158	0.08157539430022387	1.0
0.34103703703703697	0.06622947123134776	1.0
0.3170893246187363	0.06199074334713209	1.0
0.338631808278867	0.05452001888134586	1.0
0.3358954248366014	0.04877879223349134	1.0
0.34081045751633987	0.06283204759758869	1.0
0.5031599416626155	0.09219001347180154	1.0
0.5152811537838276	0.07355682162552366	1.0
0.4944657152801949	0.0934782536593498	1.0
0.5331941060447849	0.09237898959935686	1.0
0.49261143903928367	0.07438297842868771	1.0
0.3872607030978072	0.08022663046739863	1.0
0.41728691476590635	0.08534075190979312	1.0
0.40836169178415166	0.07930872383586333	1.0
0.4382433965321666	0.119338903677654	1.0
0.4202004357298475	0.09343049158154472	1.0
0.4174776083272814	0.071615749683543	1.0
0.3921568627450978	0.07897848392266105	1.0
0.4416166466586633	0.0801399532199498	1.0
0.4008714596949889	0.08645702619181142	1.0
0.4436558094312105	0.08800251378273267	1.0
0.43313325330132046	0.09380073696315688	1.0
0.4502673796791444	0.10459272728320193	1.0
0.40952843947496353	0.08701969686376138	1.0
0.4336134453781511	0.09464043260025305	1.0
0.3686922702965485	0.06349830488145324	1.0
0.3891751742019122	0.062185051222231696	1.0
0.39371252633284726	0.07708730591522481	1.0
0.5293633502783829	0.10372807333445466	1.0
0.4445896877269427	0.07346126108250896	1.0
0.44391188574195123	0.08179413528092262	1.0
0.4713296495768345	0.11162611514332377	1.0
0.3936376470588237	0.0645283161672272	1.0
0.4611246151353103	0.08577196089807443	1.0
0.4377770042928415	0.10279735381765104	1.0
0.4127625014502843	0.06732936616674204	1.0
0.41619677456781534	0.05855770632571093	1.0
0.4854204793028321	0.09474374822551397	1.0
0.42276252723311547	0.06512543062330363	1.0
0.44536819172113296	0.08463036685298926	1.0
0.4689905591866377	0.08813671569068363	1.0
0.4276778479987036	0.06126166667110923	1.0
0.49988656619672667	0.05771299057481008	1.0
0.4277426673148599	0.08416184114016621	1.0
0.43849539815926347	0.06130220795876863	1.0
0.44017607042817114	0.06435600899717052	1.0
0.4104575163398693	0.09719595326522795	1.0
0.37332685140171773	0.09492116134119045	1.0
0.3587749149246476	0.06340768557435308	1.0
0.40831806771151363	0.09298599150206399	1.0
0.3520361990950226	0.07081998475277818	1.0
0.41355603969983046	0.071446442524794	1.0
0.5386666666666665	0.07763385376589689	1.0
0.49976470588235294	0.07905049753854738	1.0
0.5493333333333333	0.07157014950481082	1.0
0.447686274509804	0.08373168916758675	1.0
0.5305719921104535	0.07678668127750826	1.0
0.5150945585334725	0.08193750667198375	1.0
0.488478941872607	0.09797364643624322	1.0
0.4565964657467925	0.07576075343789986	1.0
0.45795206971677566	0.07250926308666901	1.0
0.46490263925639475	0.08416841689283718	1.0
0.48889969210824824	0.08419567420281615	1.0
0.452244368821909	0.08535039068639283	1.0
0.4564357298474946	0.0989854831449696	1.0
0.4419753086419754	0.08088430049810794	1.0
0.44236262406197036	0.07677771345254633	1.0
0.4468967752390213	0.08146958022109056	1.0
0.45778311324529813	0.07672897318671336	1.0
0.42921168467386916	0.08587646301649911	1.0
0.5190876350540219	0.08651442383903284	1.0
0.44993997599039615	0.0690081667127264	1.0
0.41744697879151627	0.08047206782587905	1.0
0.48419367747098835	0.07026570305104163	1.0
0.45370148059223686	0.07953554494805251	1.0
0.4381752701080433	0.08651842936561203	1.0
0.4421768707482989	0.07783075012258935	1.0
0.44161664665866335	0.10647021607841473	1.0
0.4188075230092034	0.07257983620293845	1.0
0.46007843137254895	0.10798991793685754	1.0
0.49631372549019626	0.10172219445278723	1.0
0.512	0.07016101654753491	1.0
0.4787450980392156	0.058010945243444655	1.0
0.47496353913466216	0.08750341357673037	1.0
0.4840336134453783	0.0686227822875074	1.0
0.41419543023821104	0.10087564361963339	1.0
0.4487441257494733	0.10656380378387696	1.0
0.4965483714146815	0.093231471023034	1.0
0.40624546114742194	0.07819517812179066	1.0
0.45296732026143793	0.07961995050815651	1.0
0.39530059957867447	0.0864786945568355	1.0
0.38748987198185064	0.0805471390683401	1.0
0.4341921892724032	0.08380485308203496	1.0
0.4179225409171933	0.09347386910319568	1.0
0.37880408361691786	0.07180787035828282	1.0
0.3573488899692108	0.04791318735457289	1.0
0.4386593391681933	0.09371372548991216	1.0
0.4642657062825129	0.0851185795160813	1.0
0.46962785114045574	0.07811016994856942	1.0
0.473789515806322	0.0671296565730137	1.0
0.46211857524074706	0.09063380084836607	1.0
0.5018007202881154	0.08409669278929192	1.0
0.46330532212885106	0.06266845809606623	1.0
0.4788315326130454	0.08799256700415681	1.0
0.4663465386154457	0.08759329525722209	1.0
0.41232492997198855	0.06719322997942995	1.0
0.46314525810324103	0.10512085432403351	1.0
0.5098039215686275	0.11895783949186833	1.0
0.4968557837336119	0.09057566852107743	1.0
0.3879448075526505	0.09452074173501984	1.0
0.450461837627613	0.09081620037250382	1.0
0.4083233293317325	0.08906880336046609	1.0
0.4215802297250262	0.07170391809535116	1.0
0.401090613760297	0.055903176451870325	1.0
0.38199327068105354	0.06771220317081424	1.0
0.43049077619213355	0.09544919410554638	1.0
0.44575936883629186	0.11311025338826648	1.0
0.43069281045751634	0.07540203663050277	1.0
0.4313028322440087	0.10019133974199809	1.0
0.4805751633986927	0.10247049925974948	1.0
0.46281481481481496	0.09326834681473828	1.0
0.3935124667150809	0.06908297139864022	1.0
0.47591382231905094	0.09118450026201586	1.0
0.3783103364802709	0.07323755520501728	1.0
0.4007262164124908	0.07892275266706769	1.0
0.4165093197772938	0.08002958903349397	1.0
0.403582667634955	0.08506549827557613	1.0
0.3747760832728151	0.07615050727606819	1.0
0.5284434761558946	0.062325591684126366	1.0
0.37478991596638644	0.07606731271086596	1.0
0.4128051220488192	0.08362990483724135	1.0
0.3879151660664265	0.07564425640650631	1.0
0.45518041536141074	0.08992324053398114	1.0
0.40348068221371386	0.07953982360921832	1.0
0.389697180647407	0.08840502131753722	1.0
0.46507859342083935	0.09068152753857103	1.0
0.4766400387315421	0.045678487019180244	1.0
0.5283422459893048	0.0765894835729859	1.0
0.6262518230432669	0.07125293966601468	1.0
0.64078431372549	0.05978516795853567	1.0
0.43276616431696646	0.09634198812526021	1.0
0.4163344676713661	0.09320134995444143	1.0
0.40816723383568304	0.08746737262010376	1.0
0.4378039215686274	0.10143074902299792	1.0
0.45146058423369345	0.11060235115103398	1.0
0.6690676270508206	0.08248439681935894	1.0
0.66318082788671	0.07662126934345066	1.0
0.6675470188075232	0.0690104406889425	1.0
0.6478818687969016	0.07171142361819502	1.0
0.6622125393367224	0.06231702346441106	1.0
0.5187625272331154	0.07676619745356965	1.0
0.4971806474068918	0.05644336428821588	1.0
0.5541031227305737	0.07962436910579418	1.0
0.5499709943148857	0.060321005637641374	1.0
0.530870199319397	0.06509711833234189	1.0
0.5400560224089637	0.05276538230367234	1.0
0.4999757927862503	0.055553291422956425	1.0
0.5060246320750521	0.07682158568684765	1.0
0.5310646572678658	0.0873297792346946	1.0
0.5064657267865824	0.07607853439287007	1.0
0.5473667152811539	0.08631423931648068	1.0
0.5233187489871982	0.08798359221231764	1.0
0.4995624696159455	0.07380709553444484	1.0
0.5040025927726464	0.09015358358650018	1.0
0.4763572984749455	0.07990735758020708	1.0
0.46789823367363476	0.06577456374149619	1.0
0.4469660053370461	0.08682549702974035	1.0
0.4217653843544339	0.07325202671547161	1.0
0.5339627208908253	0.11024675547821383	1.0
0.5734888996921083	0.10836714616599963	1.0
0.5338902424875275	0.1031171372898505	1.0
0.572306947470346	0.08936175432966376	1.0
0.4718522119591638	0.07158199333699014	1.0
0.4640522875816994	0.07928215033526734	1.0
0.454501800720288	0.05796898295401861	1.0
0.4234321827904716	0.06832512832261474	1.0
0.49281045751633984	0.0621045737876993	1.0
0.4320019365770999	0.07555626543504608	1.0
0.3954519085740804	0.0635112295384669	1.0
0.47073347857661585	0.10542465425914883	1.0
0.4408361691784152	0.05651838350795995	1.0
0.46082432973189263	0.06861401572026887	1.0
0.48345098039215695	0.05909002812498362	1.0
0.43205315183924814	0.06038383289963047	1.0
0.44601840736294496	0.06475426746214148	1.0
0.4890698147771219	0.07187877207235317	1.0
0.5224400871459696	0.06010940230284141	1.0
0.5050980392156863	0.07726253238585558	1.0
0.5205282112845137	0.08106989748184165	1.0
0.5017843815726984	0.0680132863990184	1.0
0.5024793388429752	0.062160145371681366	1.0
0.490649813644466	0.06766304648176732	1.0
0.48927335640138403	0.06845215707729874	1.0
0.5044032838048713	0.06305067935073802	1.0
0.5196888672824503	0.10220571282386369	1.0
0.5126603727910917	0.08545963733758298	1.0
0.4896635197288793	0.06648982625885137	1.0
0.49820164752291446	0.0969182932592981	1.0
0.5005490196078431	0.06346198482892715	1.0
0.4793133862541555	0.06519193420692468	1.0
0.5110801717136559	0.08229017026161406	1.0
0.4965159617566035	0.0749306516942738	1.0
0.4863393291200778	0.06173405914866404	1.0
0.5189333333333334	0.08232417079864408	1.0
0.48184285160474194	0.07446837738276647	1.0
0.4502956738250857	0.06579262297211168	1.0
0.46777936087929983	0.08227338645101284	1.0
0.4888270100939785	0.07504744986430185	1.0
0.5011505428617729	0.08500238193942934	1.0
0.49469862018881616	0.06056923082590402	1.0
0.5038405444822557	0.06666109006578817	1.0
0.5022028564512224	0.07030811980490383	1.0
0.48069716775599136	0.0819739549250244	1.0
0.47133455458307894	0.0550789498909402	1.0
0.5070491006319884	0.08894650856643535	1.0
0.5011505428617729	0.0739849373078637	1.0
0.496393125151295	0.05746089788431109	1.0
0.4609625668449199	0.10365378221930019	1.0
0.5309998379517096	0.08454380904857586	1.0
0.5278561011181332	0.08222130677739337	1.0
0.5063625450180073	0.08520441776111902	1.0
0.45446623093681926	0.07790509708773319	1.0
0.4570806100217865	0.07208649595371552	1.0
0.426867606546751	0.07599426170190268	1.0
0.4789542483660131	0.08716279404973672	1.0
0.48614487117160915	0.08706696935967621	1.0
0.4620188816267247	0.09368386784208256	1.0
0.45234093637455003	0.07235688663989762	1.0
0.4934046345811051	0.1083233515053579	1.0
0.4384953981592636	0.09188415173670623	1.0
0.4685074029611843	0.08751376025823393	1.0
0.4947450980392157	0.08717356861443157	1.0
0.4645310524758598	0.052678929646504995	1.0
0.450184243793539	0.0536943466922487	1.0
0.5463620158807324	0.07296333712844695	1.0
0.5396556406496116	0.08125098050025104	1.0
0.5624649859943981	0.07715464115528366	1.0
0.5108443377350941	0.10256162680788308	1.0
0.514485378926657	0.08692845741393801	1.0
0.5046507859342083	0.07900936221524758	1.0
0.5077619213365819	0.06736342758302874	1.0
0.4990439150866958	0.06202720218995435	1.0
0.47470346163156624	0.0675315900976572	1.0
0.48496732026143796	0.06446777342264157	1.0
0.46715081094166055	0.05879863105757041	1.0
0.5278909347672586	0.11291267386713205	1.0
0.512671772310032	0.06768444430865028	1.0
0.42329736628379167	0.0723983396775968	1.0
0.5278561011181332	0.07516137423618012	1.0
0.5087019931939719	0.070495987545584	1.0
0.5303840544482257	0.10141290835346771	1.0
0.5251336898395722	0.08376780244453884	1.0
0.38768432993031926	0.07700051975359128	1.0
0.37783179387457455	0.06781160388441507	1.0
0.4729020694150237	0.0694342011975562	1.0
0.4871794871794872	0.06543739519844283	1.0
0.4688683791096779	0.0810374111585117	1.0
0.44801742919389986	0.058262706789044216	1.0
0.4798838053740016	0.07380326635027351	1.0
0.5052549019607843	0.08010213907795967	1.0
0.518047218887555	0.08636820854405608	1.0
0.43377350940376136	0.08049099745061578	1.0
0.5410196078431372	0.09569984202701744	1.0
0.5278996078431372	0.07465851213017878	1.0
0.5583618488946824	0.08793442933033303	1.0
0.5639504791214944	0.09784058255970642	1.0
0.5135862629075298	0.08624043709139789	1.0
0.5373521309350184	0.07859698660052372	1.0
0.5221786492374728	0.08204288184672068	1.0
0.5574176400643495	0.07360800800475292	1.0
0.47358162199791165	0.08852454536629825	1.0
0.5136606708799222	0.09852166713760004	1.0
0.5892519970951343	0.059987752747790266	1.0
0.5820382473977244	0.060352241066442346	1.0
0.3821350762527231	0.07129008379623333	1.0
0.37653540755145043	0.05277869880272314	1.0
0.3993725490196079	0.05762037531033184	1.0
0.39152941176470596	0.0455459428535525	1.0
0.3836734693877549	0.07440372108900188	1.0
0.37478991596638644	0.07729155429274162	1.0
0.3638956409009885	0.055436051450554524	1.0
0.38767507002801116	0.049733365698684445	1.0
0.412394093439845	0.052782830698084725	1.0
0.47634296322079134	0.06124346254022397	1.0
0.4628971810330781	0.0654774937989116	1.0
0.4602597281480961	0.06105976576713511	1.0
0.44852287581699346	0.07340355241480243	1.0
0.4141002178649238	0.07574994217829163	1.0
0.46666666666666673	0.06449971399044947	1.0
0.4612984749455337	0.06511857096561319	1.0
0.4573071895424835	0.0575178146827299	1.0
0.44618736383442276	0.06497846460879152	1.0
0.450089620335669	0.07033462488973735	1.0
0.40385620915032683	0.08926731812082209	1.0
0.4594427244582044	0.07122143978754988	1.0
0.41072050121823883	0.0691874032984712	1.0
0.4211161387631976	0.07056359150687042	1.0
0.4491008237614574	0.06064724879075358	1.0
0.459504132231405	0.07203968477499886	1.0
0.47237076648841353	0.08748116364140532	1.0
0.44268946332858405	0.09007677526910257	1.0
0.4097835674062013	0.07038605843439655	1.0
0.3606978085351788	0.07677798094709753	1.0
0.39911822717252593	0.06850158901459821	1.0
0.39999999999999997	0.09533430083458176	1.0
0.4482597575892362	0.08210506321310779	1.0
0.3576516997331478	0.06400975151820928	1.0
0.4631253055238718	0.07085510152377245	1.0
0.40566190973430777	0.05470127719099509	1.0
0.4321220043572986	0.08912898726286879	1.0
0.44042336657846537	0.07567515175006331	1.0
0.3857520863016487	0.06245042508520142	1.0
0.46003016591251894	0.08555103669467432	1.0
0.4207930283224402	0.06278089451194399	1.0
0.39358605664488006	0.05859439239414205	1.0
0.37982224031481115	0.07240531319864008	1.0
0.43059471722573334	0.06322451615036659	1.0
0.3778317938745748	0.06672567696643207	1.0
0.4379858452256642	0.06258030025634853	1.0
0.3787910430444368	0.06348826663997831	1.0
0.4319559228650138	0.06421214111258806	1.0
0.3758872143898882	0.07717732935156546	1.0
0.4153621779290229	0.06844155359375004	1.0
0.39174163783160326	0.08422558278081696	1.0
0.41830517674197715	0.08195453958976598	1.0
0.4413547237076649	0.09684766096727765	1.0
0.3699694989106753	0.05255242218545872	1.0
0.3597211328976035	0.07895590629655333	1.0
0.43211797115540435	0.06882569694664492	1.0
0.45953654188948306	0.07745966692414834	1.0
0.39144385026737977	0.07439964336763187	1.0
0.4029816885431859	0.07650078973472603	1.0
0.40518554529249723	0.06351088020694196	1.0
0.39504132231404965	0.055493472258401205	1.0
0.393378112490671	0.0645827922109592	1.0
0.44828866457825745	0.06787528227780053	1.0
0.4513980740225085	0.0707540864926457	1.0
0.4229957071586031	0.0627858395262509	1.0
0.42471551947811265	0.07258064999268728	1.0
0.3871910894535329	0.06500441682641511	1.0
0.5210258497862813	0.08046932360674144	1.0
0.4201588073245828	0.0753960125230523	1.0
0.3739503557655748	0.0850630187689005	1.0
0.3820650697952312	0.06081744290419892	1.0
0.4034327304328934	0.08476884576456563	1.0
0.38081045751633996	0.06738951502105012	1.0
0.3756688453159043	0.05014848301804416	1.0
0.410855553293982	0.0639719831098718	1.0
0.423483002668523	0.07771025656930942	1.0
0.4247128437173686	0.08467212032240787	1.0
0.42849582739670267	0.083343740356528	1.0
0.42269404803341454	0.06687938502412047	1.0
0.3817844297482306	0.05060254488303831	1.0
0.4694512124376377	0.06176640498263805	1.0
0.4545538925629424	0.06320998750926739	1.0
0.47907956571058175	0.05923677741399325	1.0
0.3840816800092819	0.0768821124797572	1.0
0.4036199095022624	0.07330216986400963	1.0
0.3656804733727811	0.07166900225608745	1.0
0.33303703703703713	0.07167106151075901	1.0
0.39931939718035975	0.07005916045268257	1.0
0.36137690631808284	0.0768346136201342	1.0
0.3654716324399582	0.06375568932721659	1.0
0.395962408632092	0.08674161180201767	1.0
0.45347764705882354	0.07592795732025412	1.0
0.46376935789924706	0.08190993534836423	1.0
0.4546974345293674	0.07813307813265528	1.0
0.46410630367849626	0.11132433682580097	1.0
0.427385801966216	0.07212319839557269	1.0
0.46741298595562797	0.06502715058111315	1.0
0.3510848126232742	0.0761696117868204	1.0
0.44159041394335513	0.10469918842118335	1.0
0.42093246187363836	0.09897949963171687	1.0
0.40803485838779946	0.05970307784473554	1.0
0.380035650623886	0.06989859189417857	1.0
0.42946037919299945	0.0883936352714301	1.0
0.4041304095602738	0.05869619014238509	1.0
0.40201879568395404	0.08521773038136428	1.0
0.38856015779092695	0.062205046489662644	1.0
0.420373593224272	0.07863335116499282	1.0
0.3893027033298527	0.0704580961949289	1.0
0.39679777236338326	0.061671868344285806	1.0
0.48804410653150143	0.08383339567584486	1.0
0.4011138183083884	0.0756729975727369	1.0
0.4010283224400872	0.06157518882017131	1.0
0.44209305023784656	0.07042140893745823	1.0
0.42803435423756286	0.08136295897032453	1.0
0.3599740722735375	0.054887760430985734	1.0
0.41502137187054766	0.06443160495063854	1.0
0.40217144709123326	0.06900354539257854	1.0
0.3869713174526009	0.055158631758301616	1.0
0.41341759844433645	0.08430574831713424	1.0
0.39173553719008275	0.05209392648079754	1.0
0.44391508669583535	0.06382570267217598	1.0
0.46306919461999674	0.08201234700550054	1.0
0.3955729847494552	0.04543116387158182	1.0
0.4276134122287969	0.05829415553799627	1.0
0.42545538925629417	0.06376550972534585	1.0
0.44262675484394937	0.06258377962134867	1.0
0.4165613352779129	0.06049792877197773	1.0
0.38752228163992875	0.0762019750206805	1.0
0.4903585102680126	0.07153165977902105	1.0
0.45060911938739984	0.07162103986650137	1.0
0.46457825733843844	0.05879712370751336	1.0
0.41284531590413936	0.05292231453827924	1.0
0.4422946037919299	0.0733749254872899	1.0
0.4295900178253119	0.07006157925613468	1.0
