0.44242459452916927	0.05702081016423652	0.4542273620223138	0.05774293311997746	0.0
0.4265249695333693	0.04735815302826293	0.4353677470988397	0.052680254700432846	0.0
0.43007897036365583	0.04313211116500325	0.43866352941176456	0.04049862522234416	0.0
0.4381752701080433	0.05170727276800416	0.46552604421269894	0.05193034000782196	0.0
0.43368840038899065	0.05052909233136085	0.4585814572742675	0.05578222472196907	0.0
0.427026585868478	0.0527333042335504	0.4395006445484768	0.062364156292801176	0.0
0.39801347428967077	0.05203888319831661	0.4263027450980394	0.05739883078161405	0.0
0.4269694558364444	0.06496525443425036	0.4395142139900944	0.0684678837664358	0.0
0.4162381989832966	0.05303831487856231	0.43424144705141055	0.04935178089983678	0.0
0.3619929604494861	0.045809109208758345	0.36759215686274543	0.05190868879785604	0.0
0.4093277765405782	0.05094765227267462	0.43063864487193765	0.055567561682769176	0.0
0.37326942628903387	0.05040178497549107	0.3842470069313172	0.06425436346423712	0.0
0.4042106627775077	0.07121636132426978	0.4420601058497116	0.0773543642716269	0.0
0.36701634829690677	0.05252734967557777	0.38038356321345207	0.06521078661413934	0.0
0.3789935178460962	0.05765617351344446	0.3990762527233115	0.06936207230897569	0.0
0.4303829581215199	0.07184304808587821	0.400222395196264	0.0665819204367055	0.0
0.3752957182873151	0.05200314912123142	0.3770246048557927	0.06032640615294945	0.0
0.3709085838779958	0.0497235791058956	0.366337935568705	0.05308160503638916	0.0
0.38197006613296214	0.047521350080180894	0.3957760882130632	0.05232872742962325	0.0
0.36173060790952277	0.04717633678604463	0.37403184817327645	0.053678129266184045	0.0
0.40137853314638416	0.06427590729922097	0.4240896358543419	0.07850310701333098	0.0
0.40918574529160556	0.06640279904534176	0.43656502601040414	0.06815202483725302	0.0
0.36771762839579614	0.053579640619767735	0.3702636610199637	0.06319115872615028	0.0
0.3904300761626965	0.05185421285703693	0.3893124431698957	0.05679920957581831	0.0
0.4049337214415849	0.06354373612409843	0.4153312353748084	0.07492879741882787	0.0
0.4143222506393863	0.05983776060648012	0.43079243531732225	0.06739543845882318	0.0
0.40328426846269433	0.051579640234468496	0.408687137161642	0.053530975646791434	0.0
0.36378772112382923	0.04679465622965173	0.37402808874414817	0.05285127588051312	0.0
0.38470612719593567	0.04905802135632536	0.3870678090175343	0.04296072181895544	0.0
0.37417125625615166	0.04551504071927513	0.38077947228274045	0.05244061137308239	0.0
0.3551734969530712	0.05222054434406069	0.3720218402861832	0.07410025142020087	0.0
0.35258871943839243	0.043855875371757794	0.35778939174913843	0.05046919739916569	0.0
0.35526668675935524	0.05022854493614807	0.36573029211684693	0.06013243317049727	0.0
0.3741785772160105	0.05281926371705151	0.39580797836375914	0.058696096015375836	0.0
0.3738342930465858	0.05850416848999365	0.38418770154564674	0.06179899209791503	0.0
0.3648339335734295	0.06868570913623351	0.3611427950681656	0.06594832240903475	0.0
0.3655485334629721	0.0684950649910702	0.38199335097360754	0.06925399493064546	0.0
0.40886001459407306	0.04749065144538316	0.43032679738562085	0.05327532362805242	0.0
0.4836154870111311	0.06282012126718102	0.49797019607843124	0.07470648382133908	0.0
0.34244642226683736	0.04628406686321341	0.35526310420109763	0.05655484872800279	0.0
0.34078326797385644	0.04571798906615316	0.34163540498382167	0.055248534681649045	0.0
0.35563098869935134	0.050213971375614286	0.36523817283145954	0.05433505516639819	0.0
0.34430843553449964	0.05106628758339992	0.3608731147681865	0.052393929734717834	0.0
0.347044817927171	0.04999622708919134	0.3577854671280276	0.058098120269308266	0.0
0.3951504977734256	0.08199556890442058	0.43956427015250554	0.07135641681266378	0.0
0.47345278505850835	0.058683617944440825	0.49750692520775636	0.06340689557825853	0.0
0.4101550197711444	0.059365598828285876	0.4306077986750258	0.07499915044430314	0.0
0.39850387799564274	0.049151838977321956	0.4116718876899873	0.05402187386302756	0.0
0.3382431716294994	0.050853667589514366	0.3517462386616696	0.053500827115557544	0.0
0.3760089529271874	0.07827193715806233	0.4084705882352942	0.08891206376645272	0.0
0.3572517647058826	0.07279892712298847	0.38032254321847087	0.08860641257775075	0.0
0.34831891940449666	0.0645465630309201	0.340090980392157	0.07006064945936209	0.0
0.3717560154255608	0.050316286840825016	0.38072789163227705	0.062187331219007706	0.0
0.3743048239704047	0.048460186324974466	0.3874258823529414	0.052368834806393094	0.0
0.3683645726426477	0.06115225479952143	0.37305108894768996	0.052532241622797515	0.0
0.3896312797308274	0.05161950459041001	0.40987054142134377	0.06003532853842819	0.0
0.4845296538368432	0.08001910097854491	0.5211683160977054	0.09820195757583486	0.0
0.3611639571999703	0.061068666807284885	0.3682567923199528	0.07196519479014776	0.0
0.32951881252308707	0.050901729653129064	0.3311654428575273	0.04978421497188401	0.0
0.31781747760832724	0.04349528520550281	0.3203676933911562	0.04481504294050358	0.0
0.3226346538615447	0.04972609923165936	0.3413285535820977	0.05258959228740537	0.0
0.3185475258098969	0.05293894686127262	0.31747491863686506	0.04979065972460447	0.0
0.46016918311009336	0.0551179566162919	0.4467388235294119	0.05386162361063906	0.0
0.4426295280448079	0.05143054989373232	0.46431999999999995	0.05266304011844456	0.0
0.459351229919111	0.056272218552675064	0.455499072056806	0.062341831034678184	0.0
0.5970684570124352	0.05462953946959769	0.6305010893246189	0.059740335074564124	0.0
0.6033149874335892	0.048166220922401026	0.6275992438563328	0.05330666620813813	0.0
0.47227723927167525	0.06360666765208976	0.5076964118980927	0.07216636394401173	0.0
0.4885859096920796	0.07595435813015476	0.5180047058823526	0.09196890988402637	0.0
0.4926002400960385	0.05795121837976942	0.5197653576666124	0.055127790907528784	0.0
0.5108091236494597	0.07386722463890553	0.5147574819401445	0.08295917541380805	0.0
0.5036349042540994	0.06624734208635168	0.5229908372385814	0.06263447116674203	0.0
0.5004702615027363	0.057376531983499436	0.5183975708617998	0.05592140192470513	0.0
0.47397925925925916	0.04681635618200468	0.48520967887483707	0.04703461465909614	0.0
0.49977226829373095	0.06548660094321607	0.5316930096138178	0.06725037280149666	0.0
0.43238941377397494	0.04743126526685793	0.4203761504601843	0.04573446423470323	0.0
0.39790448723868255	0.04855401652863505	0.3905076380937166	0.050056962557811	0.0
0.38312312579352703	0.06501329635284799	0.4086101658294174	0.08717186759374823	0.0
0.40946987772935	0.07400779975217758	0.437466177397235	0.08025775951902961	0.0
0.39788769285364234	0.06035805717350472	0.4237946583420045	0.07276515714688413	0.0
0.4200322376609328	0.07578191925814516	0.46308433407965266	0.09860263956610564	0.0
0.42419450980392165	0.06462928385086608	0.47829214526047104	0.07019145341935684	0.0
0.3882672489548107	0.05044543667857051	0.4172862745098041	0.06254346372673526	0.0
0.4376075528193564	0.04036093152670212	0.4308762553155385	0.044273450579724594	0.0
0.47568845315904107	0.05310132750267075	0.46573295985060703	0.05713510421429492	0.0
0.496480968503129	0.06769719084579087	0.5232146604182693	0.0747706418160416	0.0
0.3846507904199741	0.044520561248685364	0.39406992651035505	0.04447052343223564	0.0
0.4071017229721851	0.05628004660131353	0.4264400871459693	0.07143951021736693	0.0
0.4082087300168574	0.043043663840594826	0.41013637288825583	0.0434589374948267	0.0
0.4131590413943351	0.04592560745519621	0.4274287408725306	0.047439470801422454	0.0
0.4341828776217915	0.05546673146207197	0.4247298919567829	0.055312216058514836	0.0
0.46091935396748246	0.06575713597146869	0.45583825225591973	0.07220540940537823	0.0
0.46101066048873157	0.05250515688494673	0.45110588235294125	0.06219739587782741	0.0
0.44205994572646906	0.047087320406713366	0.42576836963158987	0.04846351010925889	0.0
0.43274583030569286	0.05138069131438466	0.4396523229479092	0.0553198218149661	0.0
0.4245453283354159	0.06011826022569086	0.45015215686274535	0.06688812948018134	0.0
0.4097236338322313	0.05698441096093844	0.43053710005581664	0.06863286504835546	0.0
0.4284494996483781	0.07343310287940986	0.48466106442577034	0.07038865658634091	0.0
0.3968673860076574	0.05598594835871356	0.41217375839224596	0.05531206703965408	0.0
0.4152088175961023	0.05804072740563355	0.44120067780198474	0.06309363413399627	0.0
0.33356181949593167	0.06236376669430543	0.3915642701525055	0.07090017356706807	0.0
0.3836477800996939	0.0472943364147837	0.3750805740110554	0.041697217394026966	0.0
0.47991388534374935	0.04673928607543058	0.4859543817527012	0.04739521082382301	0.0
0.4531454853546353	0.06610485092470411	0.4384817821268395	0.06017715483416901	0.0
0.43318388879886216	0.05375783420418669	0.4238550783635254	0.054938910943774115	0.0
0.542313454307343	0.05933016824493944	0.5707416431398334	0.06437777795462694	0.0
0.49734996039232016	0.05167313581046585	0.5092392156862744	0.05882626103930648	0.0
0.5253677595923586	0.06689218869368775	0.570472895040369	0.06251745879438314	0.0
0.45206882021212663	0.04857477706566366	0.4457874047893992	0.05212588542018273	0.0
0.44095106708581167	0.0480110827867632	0.4594152613034237	0.04923404978601423	0.0
0.481669329460179	0.05593935974269992	0.49430297638904347	0.06384120818628443	0.0
0.5342559890948625	0.06467476543649078	0.5361558131648066	0.06809056046351665	0.0
0.4910093182451915	0.06874178771084256	0.48087856201374046	0.0662385598725711	0.0
0.46768719591788294	0.05213268746333399	0.47417090292907266	0.05549544470575266	0.0
0.4766961994674411	0.05782139651186538	0.4740279476629971	0.06618412033700435	0.0
0.31595660680459464	0.04975196146951803	0.316323636832381	0.05638268980996014	0.0
0.303051572684973	0.04596851311101395	0.3171369692518007	0.06165057679664934	0.0
0.3370725769480057	0.05342695568797872	0.33148884944196194	0.05796312535440373	0.0
0.4080366415466143	0.05594722741232416	0.4085584313725492	0.06848171094013339	0.0
0.49893903649559734	0.08173331446607618	0.5116980125383487	0.08417891690318698	0.0
0.5121874927485788	0.08445151600187945	0.4940924395469852	0.09609247677365493	0.0
0.5174404400421615	0.0914339978834884	0.5426181446515508	0.08033557270939484	0.0
0.490851617267966	0.08767912836349288	0.4714330176515052	0.0684511448452421	0.0
0.48103854948774727	0.08290791941255131	0.5056245335504443	0.08383348272043821	0.0
0.4785293923163393	0.062236668741708176	0.4956014838367779	0.06109551887235503	0.0
0.49414072555233046	0.08214423866643443	0.47714509803921573	0.06072990964501897	0.0
0.47694724788964926	0.08437374423855751	0.5109835294117645	0.08217760213206268	0.0
0.5210020008003201	0.07697721428563074	0.5513551681060236	0.07507552490733735	0.0
0.49777115010784767	0.08695555638095116	0.46217411764705857	0.07242521851764916	0.0
0.5080817512190062	0.07333739305507954	0.521302148040116	0.0715894579043383	0.0
0.3582368030960688	0.062454079780948905	0.38447058823529434	0.041158510771186825	0.0
0.4549180989268132	0.05923774788312941	0.49504139433551203	0.06670090752096734	0.0
0.4041239492628198	0.06482891271910703	0.449587450980392	0.06672526215628248	0.0
0.39637542483660143	0.052044345755919826	0.4195743254566783	0.059009586120062546	0.0
0.39510586058911956	0.06116053542666403	0.4172023540063378	0.06339542493738709	0.0
0.39478511404561845	0.06892857559264558	0.43250230840258547	0.075074695821109	0.0
0.38410716073583406	0.07049234696133731	0.4243986043949314	0.07600851153738773	0.0
0.367072817547201	0.04864699069422417	0.38314204812753544	0.04593633858937715	0.0
0.3766786030895094	0.04986221220600681	0.3890368218618038	0.05931144091314903	0.0
0.42020186338273646	0.04569124508153005	0.4413754109689443	0.045806128873514956	0.0
0.3687456970489051	0.05980969743432777	0.36732694538735894	0.06559481542978822	0.0
0.4330007549325656	0.08027782981284982	0.5049053531447183	0.07271299195034675	0.0
0.3642262786157013	0.049376557083939655	0.37976790716286535	0.053619141783291885	0.0
0.473604826546003	0.07078249025794404	0.5124449779911966	0.09335676833780071	1.0
0.4718876899872375	0.056300907496805636	0.5000400160064029	0.06427925531387249	1.0
0.4649912895214798	0.07955549297737609	0.5140967629655412	0.09348452885024955	1.0
0.4714700081215919	0.08077353437036539	0.5214885954381755	0.10864081049700236	1.0
0.48665106646225015	0.09213202047997729	0.45692374727668855	0.10275967577973394	1.0
0.4046814573580298	0.06927069721273786	0.4102638586298716	0.058805774775584525	1.0
0.45045118393378114	0.08552785724795657	0.4341321713870733	0.06777465784664709	1.0
0.4669583535893696	0.07966700736086915	0.4815526210484192	0.07023778105389263	1.0
0.3915999535909039	0.06447671249600098	0.4268107242897159	0.07348515852974452	1.0
0.4237032209005487	0.0645741349904633	0.4537676227515799	0.06326062322231091	1.0
0.4208679593721145	0.08818752659128574	0.4637822070977151	0.08979702658555373	1.0
0.37442858800324863	0.08151960293867384	0.38975590236094454	0.08904428096115667	1.0
0.39921104536489155	0.07635388144947995	0.4324929971988797	0.10054637358483463	1.0
0.4407239819004526	0.09044944724188214	0.41088435374149634	0.066677552485533	1.0
0.4467107553080404	0.09572223299138581	0.4633853541416568	0.11433336230507386	1.0
0.39849377336668534	0.07091136856803085	0.4328888888888889	0.08229179402577687	1.0
0.4537082371593107	0.09870363780694452	0.4841655773420478	0.10226801673140609	1.0
0.4062188188885021	0.08151669924519751	0.4476990796318525	0.10262586923756131	1.0
0.3748926789650771	0.06839673038302323	0.4244897959183673	0.08972072312770078	1.0
0.4532814778804084	0.09222868765729263	0.5258903561424569	0.08669773235094645	1.0
0.4011370228564799	0.07781550503563704	0.4712284913965584	0.0944518404236263	1.0
0.42647638937231697	0.07715200846194578	0.4642657062825133	0.09124432195455755	1.0
0.37275786054066595	0.06587693437744234	0.40928371348539416	0.08527981954213998	1.0
0.4087249100823761	0.08467528043140343	0.4749099639855945	0.10161531751050741	1.0
0.39668174962292624	0.07531750531571436	0.45978391356542636	0.08464190050703972	1.0
0.4303074316146211	0.09358241094814335	0.4310762527233115	0.08660797677046073	1.0
0.43726168668159304	0.07584313596469018	0.4844347615589445	0.08376035096392448	1.0
0.42090422946037925	0.08465410610428648	0.45170068027210875	0.09429678441392339	1.0
0.41134338032733764	0.07625544001560135	0.45858343337334895	0.08104077637295261	1.0
0.38348598955153007	0.057292216221881194	0.42687000726216395	0.07723128710220323	1.0
0.37429193899782137	0.06453672160453558	0.40929557007988365	0.08299109526502772	1.0
0.44569934640522874	0.07121423325557764	0.5017187121762285	0.07802676439986088	1.0
0.4584678315770753	0.09774507960281494	0.49314535731648024	0.12260498694995851	1.0
0.420829092882828	0.07327915740209794	0.4610990075042362	0.08434988781615872	1.0
0.423529411764706	0.07754636068159838	0.5062825130052019	0.08140697318140176	1.0
0.39873804192957457	0.0676119516208804	0.43384168482207713	0.09138484400248276	1.0
0.40647262365153675	0.060778033278634035	0.44454127329944315	0.08740416543902245	1.0
0.38896271945163324	0.06432919000329333	0.4077908496732027	0.062679938154993	1.0
0.47632810909831047	0.09436691655666962	0.5570079883805372	0.07534986815825578	1.0
0.4811316914308978	0.10433386487119725	0.5912369886226093	0.08515149582609728	1.0
0.4937919804600039	0.11557867834386645	0.43132413459210855	0.10993775776910734	1.0
0.41361433462273806	0.08541499736315983	0.47758872143898884	0.11930015777935811	1.0
0.4406651549508692	0.09387758168876253	0.48964511424404467	0.11397010630033626	1.0
0.43137254901960786	0.0810806639962579	0.4923263132413458	0.09534140959716231	1.0
0.3723221520012964	0.08572507388070394	0.43377350940376114	0.09682852563809036	1.0
0.4560348583877995	0.09738867578035948	0.5131445170660855	0.09069154433254618	1.0
0.3814595660749507	0.07105708445982463	0.4302521008403363	0.0762692170148107	1.0
0.4604648993961437	0.10990863609641432	0.4731677559912852	0.091685070161209	1.0
0.4099547511312217	0.06348045975143217	0.4459383753501401	0.0691992981765541	1.0
0.4794717887154858	0.10341092791221243	0.5019607843137256	0.09150793638884733	1.0
0.43795372820408446	0.08005304449253511	0.4386831275720163	0.06525834586977566	1.0
0.3807755991285403	0.0856939695892536	0.44115226337448554	0.10389034576611333	1.0
0.5033056295220422	0.08648852347905589	0.4827363834422658	0.100272137836782	1.0
0.46541176470588247	0.10423998573073662	0.5629629629629629	0.07791770792588877	1.0
0.38431372549019605	0.07504964395688093	0.4092036814725889	0.06852724252697419	1.0
0.4174363960460217	0.08653399837844986	0.4607442977190878	0.10262516839633444	1.0
0.4635877491492465	0.09638899601220831	0.45738295318127264	0.083912611295653	1.0
0.5171668667466988	0.07866644776856703	0.5502745098039213	0.07052211863640961	1.0
0.3907162865146058	0.06666519547372764	0.37254901960784315	0.05613690447544831	1.0
0.39895958383353325	0.0863404958226022	0.44690196078431377	0.07162885817239352	1.0
0.5054414665274394	0.09580310017892309	0.44961984793917537	0.052151893102028814	1.0
0.4577786824072192	0.08353764663661944	0.44163640764947965	0.07243915343313594	1.0
0.45647058823529413	0.09847173500353525	0.48637133865892046	0.11981334854063867	1.0
0.4347363834422659	0.06977799502432334	0.45301379811183734	0.0907741727938597	1.0
0.43840544482255717	0.07766606579833654	0.48163265306122416	0.08553108645150982	1.0
0.44767460703289574	0.07022602834342591	0.48891556622649074	0.08039768734006555	1.0
0.4363312267055582	0.0778240680534096	0.4364945978391359	0.09523843851204132	1.0
0.45840220385674935	0.07282547864830254	0.49739895958383323	0.07997799797876742	1.0
0.41380651434127375	0.05863826855750166	0.43473389355742265	0.06672911339049725	1.0
0.46128666342570074	0.12503505312064483	0.5173269307723092	0.1259383255081293	1.0
0.4750932899111202	0.0849530537533046	0.450786734446865	0.058541484729054835	1.0
0.4045248868778281	0.07147999833025513	0.44817927170868305	0.07374912706894919	1.0
0.40900988494571383	0.06258690152906507	0.44305722288915567	0.0767236043687471	1.0
0.4097228974234322	0.06493344648974798	0.4375350140056022	0.0842605091214814	1.0
0.441350504698921	0.06768860086565487	0.4382553021208482	0.05363578821957131	1.0
0.43357698108829323	0.09037229449000968	0.48627450980392173	0.10988559054352423	1.0
0.4466411416637661	0.06604039531244488	0.41880752300920343	0.03874703290792029	1.0
0.45756969454448443	0.1069318029602809	0.4819964349376114	0.10255483056306286	1.0
0.4608687919612289	0.11489259836523939	0.48773294441743625	0.13507430493528305	1.0
0.4290486564996367	0.051381445786193074	0.46399999999999997	0.05877688782686453	1.0
0.43090845805777944	0.06529289311700645	0.4117647058823529	0.052191496683161434	1.0
0.3434173669467788	0.06859943405700353	0.3734901960784315	0.07512030591923508	1.0
0.46618647458983614	0.14649047614378827	0.45599999999999985	0.15312758875872726	1.0
0.409923969587835	0.10024033033012848	0.44925490196078427	0.10157720709719295	1.0
0.38412006778019825	0.07638985490594978	0.4125490196078432	0.08841666182005677	1.0
0.5259115216334468	0.07027490672465479	0.5432573029211688	0.08535645697552884	1.0
0.5188786258304974	0.07034277048088433	0.5422168867547021	0.0916470934686746	1.0
0.5154488092814979	0.09702118235118891	0.4559186637618011	0.09460815356604109	1.0
0.4915904139433552	0.07663092594110928	0.5121762285160979	0.08609982094410727	1.0
0.47713498622589534	0.06718634137567654	0.5038815526210486	0.07862363057308457	1.0
0.5151660664265705	0.08815426154763437	0.5672156862745097	0.0830570583727462	1.0
0.4647458983593433	0.07587383398237954	0.4914509803921569	0.073118415628952	1.0
0.360087145969499	0.05627466162596328	0.3944323408375694	0.05397987648710931	1.0
0.4089126559714796	0.06523452107566825	0.4545018007202881	0.06026685125522906	1.0
0.4822233025441581	0.07274824065987712	0.5090836334533815	0.0708585667309665	1.0
0.42450170150704913	0.06847093448193031	0.47018807523009204	0.07705177543462964	1.0
0.45503159941662624	0.087177293655536	0.5229291716686676	0.08874778913231296	1.0
0.4516934046345811	0.09485549556608477	0.46890756302521036	0.11063817071273137	1.0
0.494013071895425	0.09106716136669162	0.5191963205035098	0.1082340135835476	1.0
0.45214061956143403	0.07503574214125153	0.46530612244897995	0.06395158994883017	1.0
0.3677523902122833	0.0678376355079724	0.4160864345738294	0.06643194404631435	1.0
0.42667314859828237	0.08763429281466778	0.4737094837935173	0.06916678636953523	1.0
0.41951061416302055	0.10659583241322379	0.4585834333733495	0.10911140209409463	1.0
0.40169450496247877	0.07600142219172808	0.368	0.051089375717093786	1.0
0.3986698773076483	0.08266167815949414	0.4113109706692594	0.06781061988983403	1.0
0.44210014584346136	0.07950372887672268	0.45026010404161665	0.06823263399793676	1.0
0.3991573488899693	0.07171434107462997	0.4257703081232494	0.07007804001924292	1.0
0.3933402946977609	0.08255810637462921	0.35918367346938773	0.05733362820656659	1.0
0.36814130610922063	0.062293246897072184	0.38911564625850326	0.06108540915314751	1.0
0.3812996272889321	0.07333745808290536	0.41824729891956774	0.09092329393639234	1.0
0.40792596193665714	0.12018083875945101	0.4292828550105162	0.11582326775693659	1.0
0.36606708799222176	0.07437674866324254	0.40864345738295293	0.08281066228097082	1.0
0.4158807324582727	0.14880777103586929	0.49795918367346953	0.17353677802008333	1.0
0.39604602171447095	0.10229519803058959	0.4328131252501001	0.11915615418245668	1.0
0.3643123685460344	0.05761563489885771	0.3715323166303558	0.06773872101246925	1.0
0.417767106842737	0.0887064473870587	0.4465882352941176	0.0875816017948925	1.0
0.3786314525810323	0.10704715522281798	0.4172549019607844	0.11985937336550037	1.0
0.4216886754701879	0.08448114568302896	0.46415686274509804	0.08311104531985299	1.0
0.4168232973662838	0.11135886842905914	0.39383753501400565	0.07640771673881849	1.0
0.37757251660994984	0.05373699399881017	0.37607042817126846	0.06195501802592204	1.0
0.4174469787915165	0.08806105244889417	0.4247843137254902	0.08877626467590582	1.0
0.4210484193677469	0.07940044249775667	0.45364705882352946	0.08625757409533379	1.0
0.3945578231292515	0.08361856731477835	0.4374901960784314	0.08845347027645213	1.0
0.4392957182873149	0.06810016762762146	0.44925490196078427	0.06749846329908592	1.0
0.430172068827531	0.058557153307963954	0.4343529411764706	0.05725893082789809	1.0
0.4221688675470186	0.06915553599432339	0.46352941176470586	0.06552267207765824	1.0
0.36638655462184877	0.08037621394600672	0.41458823529411776	0.0792726126912785	1.0
0.39719887955182054	0.0786435039763151	0.4323137254901962	0.08961363520131642	1.0
0.3701480592236894	0.05470796916938708	0.40235294117647064	0.05203780208983802	1.0
0.4457783113245299	0.07949599243009196	0.4589803921568627	0.08443129058400618	1.0
0.4310524209683872	0.08523150257731286	0.45505882352941174	0.09644773628060807	1.0
0.4362545018007199	0.07935134719448345	0.4705882352941177	0.07765960154851821	1.0
0.4036014405762302	0.06401311027438891	0.42635294117647055	0.07021068238198075	1.0
0.4679471788715482	0.07765294984544284	0.5082352941176471	0.08454899535571457	1.0
0.42953181272508967	0.0738190462960831	0.4649411764705883	0.07730465204126011	1.0
0.43865546218487383	0.07661708775863335	0.4734117647058823	0.08519466818932553	1.0
0.45842336934773864	0.08487140727072202	0.5033725490196079	0.08145228001896	1.0
0.4040016006402558	0.07153723815148054	0.4445490196078432	0.07048721893228511	1.0
0.424969987995198	0.07547404070214912	0.420392156862745	0.08901615264953858	1.0
0.399519807923169	0.06246174096489605	0.43058823529411766	0.06325365797090306	1.0
0.43062309368191715	0.06474978468947037	0.46903897361413693	0.06580083370593323	1.0
0.39791916766706664	0.07242128855007564	0.4415686274509804	0.06793299425402442	1.0
0.4019445794846865	0.08482913443923401	0.4585034013605444	0.08959317085973661	1.0
0.3757899854156539	0.08003856190622116	0.40912364945978363	0.10653210152376544	1.0
0.47869064981364445	0.09139125104852656	0.5094837935174072	0.0824767072415283	1.0
0.45397923875432544	0.08811841690303275	0.4577099975792785	0.06292325982824641	1.0
0.397245179063361	0.09534822508137847	0.45866346538615455	0.11179038571989873	1.0
0.41108410306271276	0.09553357268746936	0.46042416966786687	0.0876922956740572	1.0
0.4673812636165578	0.11716566100622766	0.4377148390220286	0.110400285113695	1.0
0.3816509319777292	0.08990324835072128	0.4247843137254902	0.10515801624884225	1.0
0.35939204084000465	0.055062372552391006	0.38911564625850326	0.06813203678764901	1.0
0.4066327765674171	0.08809278682646493	0.4839215686274509	0.0698307211534726	1.0
0.40435729847494534	0.07173362661427121	0.4396862745098039	0.06032208820373774	1.0
0.3598160251755021	0.060580083416945915	0.39341176470588235	0.07213909983126314	1.0
0.3420479302832242	0.051550358353427396	0.3609411764705882	0.07041081552189286	1.0
0.42569027611044397	0.08324701883013409	0.46227450980392165	0.09760899066331394	1.0
0.4009063180827888	0.10509157913634344	0.440087145969499	0.11872383056109169	1.0
0.39457952069716784	0.0966722378128557	0.4026143790849673	0.10307088000627143	1.0
0.47791281801976987	0.09820240294313735	0.500840336134454	0.08877828566801389	1.0
0.3765029978933723	0.07947588127000789	0.4196078431372548	0.09932490307383482	1.0
0.3713498622589532	0.08644641663434512	0.4288115246098436	0.09354931558267834	1.0
0.3815264948954789	0.0806061841191108	0.4240096038415367	0.09025159080661804	1.0
0.35660346783341434	0.0773267565664982	0.38735494197679055	0.09706795133062096	1.0
0.37151191054934374	0.06963732892024808	0.41568627450980394	0.06930570531666176	1.0
0.3735213093501864	0.06856258557627212	0.4019207683073227	0.08171289736892327	1.0
0.3896289094150057	0.06531081751567257	0.42312925170068	0.06815074817239536	1.0
0.32652730513693085	0.0654635157484982	0.348859543817527	0.08254319442782537	1.0
0.3747450980392158	0.08157539430022387	0.43326071169208413	0.09383149127426488	1.0
0.34103703703703697	0.06622947123134776	0.3712902444928587	0.08905464275699422	1.0
0.3170893246187363	0.06199074334713209	0.3374485596707817	0.08483401083467372	1.0
0.338631808278867	0.05452001888134586	0.3431130476882109	0.06952666754366324	1.0
0.3358954248366014	0.04877879223349134	0.356620672960542	0.05845750724592422	1.0
0.34081045751633987	0.06283204759758869	0.37535705640280786	0.07689983740832018	1.0
0.5031599416626155	0.09219001347180154	0.5166866746698682	0.12944278349843888	1.0
0.5152811537838276	0.07355682162552366	0.5408563425370151	0.08033170345649114	1.0
0.4944657152801949	0.0934782536593498	0.4030412164865948	0.06523484181613294	1.0
0.5331941060447849	0.09237898959935686	0.4644257703081231	0.09886903714100947	1.0
0.49261143903928367	0.07438297842868771	0.47717259743403523	0.07313706345055589	1.0
0.3872607030978072	0.08022663046739863	0.4232893157262904	0.06477223852111	1.0
0.41728691476590635	0.08534075190979312	0.4290196078431372	0.09179458761560874	1.0
0.40836169178415166	0.07930872383586333	0.39015606242497	0.05791854201616458	1.0
0.4382433965321666	0.119338903677654	0.4741096438575432	0.15054526232306184	1.0
0.4202004357298475	0.09343049158154472	0.4514645364318567	0.10043615517941687	1.0
0.4174776083272814	0.071615749683543	0.4338823529411765	0.06122421465256328	1.0
0.3921568627450978	0.07897848392266105	0.39560784313725494	0.07952118661621539	1.0
0.4416166466586633	0.0801399532199498	0.47654901960784307	0.0858062156914519	1.0
0.4008714596949889	0.08645702619181142	0.46023529411764696	0.10482942944842655	1.0
0.4436558094312105	0.08800251378273267	0.47731092436974826	0.09319055922183826	1.0
0.43313325330132046	0.09380073696315688	0.4574117647058823	0.10908306800196474	1.0
0.4502673796791444	0.10459272728320193	0.4729891956782715	0.11537238997106125	1.0
0.40952843947496353	0.08701969686376138	0.47002801120448184	0.09653751862816605	1.0
0.4336134453781511	0.09464043260025305	0.4828235294117647	0.08977109312345073	1.0
0.3686922702965485	0.06349830488145324	0.41624649859943963	0.06447274299469925	1.0
0.3891751742019122	0.062185051222231696	0.4257703081232492	0.07424704270200662	1.0
0.39371252633284726	0.07708730591522481	0.43953581432573013	0.08279463225825155	1.0
0.5293633502783829	0.10372807333445466	0.48266666666666663	0.07558495029441102	1.0
0.4445896877269427	0.07346126108250896	0.4563137254901961	0.059826739459252334	1.0
0.44391188574195123	0.08179413528092262	0.4229019607843138	0.05197225178675863	1.0
0.4713296495768345	0.11162611514332377	0.4820566448801743	0.0765870851639438	1.0
0.3936376470588237	0.0645283161672272	0.397818772479406	0.052778145746302504	1.0
0.4611246151353103	0.08577196089807443	0.456182472989196	0.07951211183961351	1.0
0.4377770042928415	0.10279735381765104	0.45234093637455003	0.09989277546466865	1.0
0.4127625014502843	0.06732936616674204	0.4317727090836335	0.07091538612284673	1.0
0.41619677456781534	0.05855770632571093	0.43905562224889955	0.07154381870877083	1.0
0.4854204793028321	0.09474374822551397	0.49503752118131206	0.09233872669622925	1.0
0.42276252723311547	0.06512543062330363	0.4605180343742435	0.06078411850571097	1.0
0.44536819172113296	0.08463036685298926	0.4202856451222463	0.0666891257539931	1.0
0.4689905591866377	0.08813671569068363	0.4749803921568627	0.0642918024168193	1.0
0.4276778479987036	0.06126166667110923	0.4498599439775911	0.06664744051870616	1.0
0.49988656619672667	0.05771299057481008	0.5005202080832335	0.05424262043881258	1.0
0.4277426673148599	0.08416184114016621	0.48635454181672644	0.0885632604748299	1.0
0.43849539815926347	0.06130220795876863	0.4527058823529412	0.060223855122988126	1.0
0.44017607042817114	0.06435600899717052	0.4542745098039216	0.057050400294645746	1.0
0.4104575163398693	0.09719595326522795	0.458726700556766	0.10300180345158955	1.0
0.37332685140171773	0.09492116134119045	0.41360544217687073	0.10965823096378158	1.0
0.3587749149246476	0.06340768557435308	0.3900760304121647	0.0666431236823302	1.0
0.40831806771151363	0.09298599150206399	0.413120309852336	0.068476473967735	1.0
0.3520361990950226	0.07081998475277818	0.3418967587034814	0.05475396409626079	1.0
0.41355603969983046	0.071446442524794	0.41709803921568633	0.06185935273422416	1.0
0.5386666666666665	0.07763385376589689	0.4793028322440087	0.070962455153673	1.0
0.49976470588235294	0.07905049753854738	0.5002178649237473	0.04698159967314234	1.0
0.5493333333333333	0.07157014950481082	0.49934640522875806	0.06718369293730124	1.0
0.447686274509804	0.08373168916758675	0.5102396514161219	0.04911537486210247	1.0
0.5305719921104535	0.07678668127750826	0.5303721488595442	0.08694971454417581	1.0
0.5150945585334725	0.08193750667198375	0.503321328531413	0.0944864472956193	1.0
0.488478941872607	0.09797364643624322	0.47971188475390186	0.08672043017539308	1.0
0.4565964657467925	0.07576075343789986	0.5215686274509803	0.07571268461297186	1.0
0.45795206971677566	0.07250926308666901	0.48329411764705876	0.06585706019320015	1.0
0.46490263925639475	0.08416841689283718	0.46342290002420716	0.0688729226797673	1.0
0.48889969210824824	0.08419567420281615	0.5331732693077234	0.09081896028442712	1.0
0.452244368821909	0.08535039068639283	0.472589035614246	0.09586184220314298	1.0
0.4564357298474946	0.0989854831449696	0.4786734446865165	0.11841797365935297	1.0
0.4419753086419754	0.08088430049810794	0.5065098039215685	0.09605628663031206	1.0
0.44236262406197036	0.07677771345254633	0.5217254901960784	0.07688408400602889	1.0
0.4468967752390213	0.08146958022109056	0.48555422168867535	0.09087790553024347	1.0
0.45778311324529813	0.07672897318671336	0.4727843137254901	0.08567887077090966	1.0
0.42921168467386916	0.08587646301649911	0.46415686274509815	0.09490331117712604	1.0
0.5190876350540219	0.08651442383903284	0.5264313725490195	0.07256032415017996	1.0
0.44993997599039615	0.0690081667127264	0.46023529411764696	0.07377414609164898	1.0
0.41744697879151627	0.08047206782587905	0.44972549019607855	0.06882064310652578	1.0
0.48419367747098835	0.07026570305104163	0.5096470588235293	0.0721192001737747	1.0
0.45370148059223686	0.07953554494805251	0.44266666666666665	0.057694169536560556	1.0
0.4381752701080433	0.08651842936561203	0.424	0.08272031348296177	1.0
0.4421768707482989	0.07783075012258935	0.46462745098039226	0.08339766836095035	1.0
0.44161664665866335	0.10647021607841473	0.4713725490196078	0.10594890186540248	1.0
0.4188075230092034	0.07257983620293845	0.45364705882352946	0.07524337887372039	1.0
0.46007843137254895	0.10798991793685754	0.4065359477124183	0.06529735609939888	1.0
0.49631372549019626	0.10172219445278723	0.5599128540305011	0.052860424171492136	1.0
0.512	0.07016101654753491	0.50239651416122	0.06504499505686133	1.0
0.4787450980392156	0.058010945243444655	0.43703703703703706	0.026964250123838265	1.0
0.47496353913466216	0.08750341357673037	0.48107242897158886	0.07894597420354206	1.0
0.4840336134453783	0.0686227822875074	0.4839215686274509	0.06354675789979002	1.0
0.41419543023821104	0.10087564361963339	0.46370548219287744	0.10336058542379498	1.0
0.4487441257494733	0.10656380378387696	0.5184473789515806	0.1123479210225581	1.0
0.4965483714146815	0.093231471023034	0.5282112845138054	0.09448527087012641	1.0
0.40624546114742194	0.07819517812179066	0.3739607843137254	0.062097144566572456	1.0
0.45296732026143793	0.07961995050815651	0.47843137254901974	0.07569744913950782	1.0
0.39530059957867447	0.0864786945568355	0.43457382953181284	0.09270686062967323	1.0
0.38748987198185064	0.0805471390683401	0.43017206882753084	0.08639772871063768	1.0
0.4341921892724032	0.08380485308203496	0.4408963585434173	0.0786883046502789	1.0
0.4179225409171933	0.09347386910319568	0.41576630652260904	0.08368242833440649	1.0
0.37880408361691786	0.07180787035828282	0.4361744697879151	0.06116403272528569	1.0
0.3573488899692108	0.04791318735457289	0.37246898759503794	0.06043272656886713	1.0
0.4386593391681933	0.09371372548991216	0.4279835390946502	0.09234805591845666	1.0
0.4642657062825129	0.0851185795160813	0.504	0.0853119206121807	1.0
0.46962785114045574	0.07811016994856942	0.5046274509803923	0.08581816325631739	1.0
0.473789515806322	0.0671296565730137	0.5057254901960784	0.07159306593226002	1.0
0.46211857524074706	0.09063380084836607	0.41232492997198866	0.057779404348204125	1.0
0.5018007202881154	0.08409669278929192	0.49317647058823516	0.09502072188794998	1.0
0.46330532212885106	0.06266845809606623	0.49505882352941183	0.06184277667842213	1.0
0.4788315326130454	0.08799256700415681	0.4798431372549019	0.09275898416130615	1.0
0.4663465386154457	0.08759329525722209	0.507921568627451	0.07614409941310307	1.0
0.41232492997198855	0.06719322997942995	0.431529411764706	0.06379312649960128	1.0
0.46314525810324103	0.10512085432403351	0.5190588235294118	0.09817559142296785	1.0
0.5098039215686275	0.11895783949186833	0.5490196078431371	0.11267829791475507	1.0
0.4968557837336119	0.09057566852107743	0.46378551420568237	0.06667039354348306	1.0
0.3879448075526505	0.09452074173501984	0.40737254901960784	0.08246428824858065	1.0
0.450461837627613	0.09081620037250382	0.4637054821928773	0.08365960967558166	1.0
0.4083233293317325	0.08906880336046609	0.45239215686274514	0.09227415703428868	1.0
0.4215802297250262	0.07170391809535116	0.47651060424169656	0.08948326765187757	1.0
0.401090613760297	0.055903176451870325	0.39879951980792305	0.08289273791315718	1.0
0.38199327068105354	0.06771220317081424	0.39967987194877963	0.08180190974524158	1.0
0.43049077619213355	0.09544919410554638	0.5062825130052021	0.09884066176436794	1.0
0.44575936883629186	0.11311025338826648	0.4747498999599841	0.12753744719815507	1.0
0.43069281045751634	0.07540203663050277	0.47257322682159286	0.06917463498740117	1.0
0.4313028322440087	0.10019133974199809	0.48249818445896875	0.11562551485915806	1.0
0.4805751633986927	0.10247049925974948	0.5174534011135319	0.09051287340295905	1.0
0.46281481481481496	0.09326834681473828	0.4442992011619463	0.07278035307757368	1.0
0.3935124667150809	0.06908297139864022	0.42478431372549025	0.06968117282644794	1.0
0.47591382231905094	0.09118450026201586	0.44	0.04196261678241705	1.0
0.3783103364802709	0.07323755520501728	0.40360784313725495	0.08	1.0
0.4007262164124908	0.07892275266706769	0.4261960784313725	0.08473613596742682	1.0
0.4165093197772938	0.08002958903349397	0.38807843137254905	0.06807885304528907	1.0
0.403582667634955	0.08506549827557613	0.4726274509803921	0.09582546396321397	1.0
0.3747760832728151	0.07615050727606819	0.4338823529411765	0.10168313125767596	1.0
0.5284434761558946	0.062325591684126366	0.5374117647058823	0.047539484253794236	1.0
0.37478991596638644	0.07606731271086596	0.399529411764706	0.06977858099190709	1.0
0.4128051220488192	0.08362990483724135	0.4426666666666667	0.09950743742960236	1.0
0.3879151660664265	0.07564425640650631	0.38321568627450986	0.07830479982911875	1.0
0.45518041536141074	0.08992324053398114	0.4596238495398161	0.09509628592089274	1.0
0.40348068221371386	0.07953982360921832	0.42304921968787523	0.09648982436498504	1.0
0.389697180647407	0.08840502131753722	0.3848739495798319	0.06559597734624216	1.0
0.46507859342083935	0.09068152753857103	0.508203281312525	0.11134803182040272	1.0
0.4766400387315421	0.045678487019180244	0.46588235294117647	0.042659265025047646	1.0
0.5283422459893048	0.0765894835729859	0.5677470988395361	0.0827498422970158	1.0
0.6262518230432669	0.07125293966601468	0.6472989195678275	0.09172967378925331	1.0
0.64078431372549	0.05978516795853567	0.6030501089324618	0.046515564310217195	1.0
0.43276616431696646	0.09634198812526021	0.4735494197679075	0.10213199116475591	1.0
0.4163344676713661	0.09320134995444143	0.472589035614246	0.10147926283207534	1.0
0.40816723383568304	0.08746737262010376	0.4451380552220888	0.09757774546330292	1.0
0.4378039215686274	0.10143074902299792	0.3786492374727669	0.0687425116990275	1.0
0.45146058423369345	0.11060235115103398	0.4792156862745097	0.11664606837439881	1.0
0.6690676270508206	0.08248439681935894	0.6486274509803921	0.08246180168820591	1.0
0.66318082788671	0.07662126934345066	0.671843137254902	0.09021540003335496	1.0
0.6675470188075232	0.0690104406889425	0.6858039215686276	0.07795048655703854	1.0
0.6478818687969016	0.07171142361819502	0.6533333333333333	0.08086898285216189	1.0
0.6622125393367224	0.06231702346441106	0.6374901960784312	0.05245577523743791	1.0
0.5187625272331154	0.07676619745356965	0.49314935850883546	0.07358176140182308	1.0
0.4971806474068918	0.05644336428821588	0.47915166066426546	0.046051817299408306	1.0
0.5541031227305737	0.07962436910579418	0.5769411764705881	0.07169895913289635	1.0
0.5499709943148857	0.060321005637641374	0.5313325330132056	0.05214926015269688	1.0
0.530870199319397	0.06509711833234189	0.539415766306523	0.08232205001270383	1.0
0.5400560224089637	0.05276538230367234	0.5568627450980391	0.060361166821719534	1.0
0.4999757927862503	0.055553291422956425	0.49945098039215685	0.06353546327992377	1.0
0.5060246320750521	0.07682158568684765	0.4647869064981365	0.05887600964736265	1.0
0.5310646572678658	0.0873297792346946	0.5543817527010808	0.10055495722106134	1.0
0.5064657267865824	0.07607853439287007	0.5607042817126852	0.07375994273884441	1.0
0.5473667152811539	0.08631423931648068	0.5745498199279716	0.09776472177318452	1.0
0.5233187489871982	0.08798359221231764	0.5664665866346541	0.0805198301688645	1.0
0.4995624696159455	0.07380709553444484	0.5165266106442581	0.08214648880797126	1.0
0.5040025927726464	0.09015358358650018	0.47699079631852753	0.0812156684337968	1.0
0.4763572984749455	0.07990735758020708	0.5103848946986203	0.09474486899220608	1.0
0.46789823367363476	0.06577456374149619	0.5069227691076431	0.07081379860537977	1.0
0.4469660053370461	0.08682549702974035	0.46514605842336954	0.09668282729107933	1.0
0.4217653843544339	0.07325202671547161	0.43258290970709273	0.09255575327636535	1.0
0.5339627208908253	0.11024675547821383	0.49882352941176455	0.0910586771600947	1.0
0.5734888996921083	0.10836714616599963	0.5847939175670271	0.1036982205065141	1.0
0.5338902424875275	0.1031171372898505	0.4585834333733496	0.07995420387287716	1.0
0.572306947470346	0.08936175432966376	0.49992156862745096	0.049683349496829864	1.0
0.4718522119591638	0.07158199333699014	0.5044417767106846	0.08054223946026567	1.0
0.4640522875816994	0.07928215033526734	0.4428235294117648	0.06431771070069496	1.0
0.454501800720288	0.05796898295401861	0.47152941176470586	0.061353857121398216	1.0
0.4234321827904716	0.06832512832261474	0.45522208883553417	0.07498915609886207	1.0
0.49281045751633984	0.0621045737876993	0.49411764705882355	0.0382562369324494	1.0
0.4320019365770999	0.07555626543504608	0.47717647058823526	0.07056753509116465	1.0
0.3954519085740804	0.0635112295384669	0.4230492196878748	0.07704507125477165	1.0
0.47073347857661585	0.10542465425914883	0.47215686274509794	0.11388877167312356	1.0
0.4408361691784152	0.05651838350795995	0.464265706282513	0.06577555305589942	1.0
0.46082432973189263	0.06861401572026887	0.4815686274509804	0.08277204282041346	1.0
0.48345098039215695	0.05909002812498362	0.4771241830065359	0.056455608034854776	1.0
0.43205315183924814	0.06038383289963047	0.45386154461784717	0.0782996259092873	1.0
0.44601840736294496	0.06475426746214148	0.47717647058823526	0.06934933125106457	1.0
0.4890698147771219	0.07187877207235317	0.4929557007988379	0.0730387404760023	1.0
0.5224400871459696	0.06010940230284141	0.5224400871459696	0.06010940230284141	1.0
0.5050980392156863	0.07726253238585558	0.4793028322440087	0.09238140724812173	1.0
0.5205282112845137	0.08106989748184165	0.5557647058823529	0.07541180889064333	1.0
0.5017843815726984	0.0680132863990184	0.4811909949164851	0.05069469131938645	1.0
0.5024793388429752	0.062160145371681366	0.526530612244898	0.05870235618731922	1.0
0.490649813644466	0.06766304648176732	0.5128451380552225	0.07201830840974918	1.0
0.48927335640138403	0.06845215707729874	0.5021060275962236	0.05661692791138028	1.0
0.5044032838048713	0.06305067935073802	0.4892277898813848	0.04537650966578702	1.0
0.5196888672824503	0.10220571282386369	0.5350940376150463	0.11822044700375067	1.0
0.5126603727910917	0.08545963733758298	0.48862745098039206	0.06676271435610062	1.0
0.4896635197288793	0.06648982625885137	0.4906666666666666	0.07000778045773724	1.0
0.49820164752291446	0.0969182932592981	0.4855542216886758	0.08708279077950648	1.0
0.5005490196078431	0.06346198482892715	0.4963447107237956	0.06396166873916644	1.0
0.4793133862541555	0.06519193420692468	0.4623577826192204	0.06555475548174429	1.0
0.5110801717136559	0.08229017026161406	0.503561424569828	0.07812406448947792	1.0
0.4965159617566035	0.0749306516942738	0.5117246898759504	0.08644932692899773	1.0
0.4863393291200778	0.06173405914866404	0.5269307723089236	0.06746776408811077	1.0
0.5189333333333334	0.08232417079864408	0.4945585334725606	0.08731591982320815	1.0
0.48184285160474194	0.07446837738276647	0.4891919397516789	0.05993282827706577	1.0
0.4502956738250857	0.06579262297211168	0.48335764057689184	0.08968958232655015	1.0
0.46777936087929983	0.08227338645101284	0.49126119583635913	0.10185328485704487	1.0
0.4888270100939785	0.07504744986430185	0.5314125650260106	0.09689238534943188	1.0
0.5011505428617729	0.08500238193942934	0.5354941976790718	0.10956165273792777	1.0
0.49469862018881616	0.06056923082590402	0.49850980392156863	0.0579601121419982	1.0
0.5038405444822557	0.06666109006578817	0.5562224889955985	0.06466302273735677	1.0
0.5022028564512224	0.07030811980490383	0.5325490196078431	0.08634874999475556	1.0
0.48069716775599136	0.0819739549250244	0.5105301379811183	0.09915271796893471	1.0
0.47133455458307894	0.0550789498909402	0.4393609295570079	0.04510845763905662	1.0
0.5070491006319884	0.08894650856643535	0.5254901960784317	0.06988117191258643	1.0
0.5011505428617729	0.0739849373078637	0.5474989995998403	0.08240278730550409	1.0
0.496393125151295	0.05746089788431109	0.4867450980392157	0.05930435295689547	1.0
0.4609625668449199	0.10365378221930019	0.4638655462184877	0.13327805466942208	1.0
0.5309998379517096	0.08454380904857586	0.5356542617046823	0.09319371651973825	1.0
0.5278561011181332	0.08222130677739337	0.5198879551820732	0.08936818109875665	1.0
0.5063625450180073	0.08520441776111902	0.556235294117647	0.07263446655086725	1.0
0.45446623093681926	0.07790509708773319	0.4334117647058824	0.06423995450226763	1.0
0.4570806100217865	0.07208649595371552	0.46901960784313723	0.06260196091737873	1.0
0.426867606546751	0.07599426170190268	0.4520208083233295	0.08982866168265899	1.0
0.4789542483660131	0.08716279404973672	0.4929072863713387	0.10518587559993117	1.0
0.48614487117160915	0.08706696935967621	0.5215686274509808	0.09053290334022239	1.0
0.4620188816267247	0.09368386784208256	0.4236862745098039	0.05426190869623179	1.0
0.45234093637455003	0.07235688663989762	0.4655686274509804	0.0814494478757964	1.0
0.4934046345811051	0.1083233515053579	0.502200880352141	0.12702394059221206	1.0
0.4384953981592636	0.09188415173670623	0.4625882352941176	0.10135238291977448	1.0
0.4685074029611843	0.08751376025823393	0.5065098039215685	0.09605628663031206	1.0
0.4947450980392157	0.08717356861443157	0.4919389978213508	0.08298337384629477	1.0
0.4645310524758598	0.052678929646504995	0.4838867102396513	0.05619328592920688	1.0
0.450184243793539	0.0536943466922487	0.48115032679738556	0.06595946367713071	1.0
0.5463620158807324	0.07296333712844695	0.5625450180072032	0.08588765474610784	1.0
0.5396556406496116	0.08125098050025104	0.5385836979419867	0.05450264146061506	1.0
0.5624649859943981	0.07715464115528366	0.5948235294117646	0.059953418630509056	1.0
0.5108443377350941	0.10256162680788308	0.5816470588235293	0.0638156225336249	1.0
0.514485378926657	0.08692845741393801	0.5193899782135074	0.11186785745565421	1.0
0.5046507859342083	0.07900936221524758	0.534933973589436	0.09874879931800694	1.0
0.5077619213365819	0.06736342758302874	0.49923969587835143	0.06659071067879758	1.0
0.4990439150866958	0.06202720218995435	0.5210084033613448	0.07319094211330414	1.0
0.47470346163156624	0.0675315900976572	0.4897254901960783	0.07625510111449801	1.0
0.48496732026143796	0.06446777342264157	0.4909803921568628	0.04727618645758203	1.0
0.46715081094166055	0.05879863105757041	0.49254901960784303	0.0675925706480963	1.0
0.5278909347672586	0.11291267386713205	0.5724517906336088	0.1341425490105962	1.0
0.512671772310032	0.06768444430865028	0.5617890131259116	0.05236561724001058	1.0
0.42329736628379167	0.0723983396775968	0.47619047619047633	0.06855738720410623	1.0
0.5278561011181332	0.07516137423618012	0.5011604641856744	0.07208373848688948	1.0
0.5087019931939719	0.070495987545584	0.506042416966787	0.08034814347406698	1.0
0.5303840544482257	0.10141290835346771	0.5791116446578635	0.11763449757315562	1.0
0.5251336898395722	0.08376780244453884	0.5685474189675874	0.07590915824166794	1.0
0.38768432993031926	0.07700051975359128	0.39575830332132866	0.07071899986117436	1.0
0.37783179387457455	0.06781160388441507	0.39439775910364144	0.06627141579195439	1.0
0.4729020694150237	0.0694342011975562	0.5286015232539296	0.04898800904519334	1.0
0.4871794871794872	0.06543739519844283	0.5091636654661869	0.07117290065938625	1.0
0.4688683791096779	0.0810374111585117	0.4933751015198979	0.09870174867007846	1.0
0.44801742919389986	0.058262706789044216	0.4613410796417333	0.06798949599417706	1.0
0.4798838053740016	0.07380326635027351	0.46462745098039215	0.07251474194647782	1.0
0.5052549019607843	0.08010213907795967	0.46623093681917216	0.061490034902638796	1.0
0.518047218887555	0.08636820854405608	0.5386666666666665	0.09186352982693684	1.0
0.43377350940376136	0.08049099745061578	0.4534901960784314	0.09475465259359442	1.0
0.5410196078431372	0.09569984202701744	0.532335537765402	0.06672160858162682	1.0
0.5278996078431372	0.07465851213017878	0.544494720965309	0.07402293139377782	1.0
0.5583618488946824	0.08793442933033303	0.5484362339977314	0.06431384735566485	1.0
0.5639504791214944	0.09784058255970642	0.5558692810457516	0.060497062292756955	1.0
0.5135862629075298	0.08624043709139789	0.5354141656662669	0.06866059909445844	1.0
0.5373521309350184	0.07859698660052372	0.5763905562224894	0.054875634420528306	1.0
0.5221786492374728	0.08204288184672068	0.5650447833454367	0.07334014210517842	1.0
0.5574176400643495	0.07360800800475292	0.5252984749455338	0.05518040524463801	1.0
0.47358162199791165	0.08852454536629825	0.5392557022809127	0.0793779579818377	1.0
0.5136606708799222	0.09852166713760004	0.5753501400560228	0.08672638642755146	1.0
0.5892519970951343	0.059987752747790266	0.5836862745098038	0.04557407187391794	1.0
0.5820382473977244	0.060352241066442346	0.5400784313725489	0.05216718164177534	1.0
0.3821350762527231	0.07129008379623333	0.4036078431372549	0.0851299599780501	1.0
0.37653540755145043	0.05277869880272314	0.3959983993597438	0.05598539860583233	1.0
0.3993725490196079	0.05762037531033184	0.3786492374727669	0.0660033643286124	1.0
0.39152941176470596	0.0455459428535525	0.3908496732026144	0.06169463812765597	1.0
0.3836734693877549	0.07440372108900188	0.4185098039215688	0.05828203929224285	1.0
0.37478991596638644	0.07729155429274162	0.38964705882352946	0.07517658310055303	1.0
0.3638956409009885	0.055436051450554524	0.39847939175670244	0.06408304080253752	1.0
0.38767507002801116	0.049733365698684445	0.3921568627450981	0.04666227254536348	1.0
0.412394093439845	0.052782830698084725	0.4161568627450981	0.03614302260172316	1.0
0.47634296322079134	0.06124346254022397	0.4844337735094041	0.0702109654897813	1.0
0.4628971810330781	0.0654774937989116	0.5147301895964999	0.06982067972009176	1.0
0.4602597281480961	0.06105976576713511	0.4407145969498911	0.05412942424073579	1.0
0.44852287581699346	0.07340355241480243	0.4823529411764705	0.09568948885632916	1.0
0.4141002178649238	0.07574994217829163	0.4705398208666183	0.08326639486206808	1.0
0.46666666666666673	0.06449971399044947	0.4950859356088114	0.08523782425460648	1.0
0.4612984749455337	0.06511857096561319	0.4991527475187605	0.07561419550622443	1.0
0.4573071895424835	0.0575178146827299	0.4881142580488985	0.05983794088582296	1.0
0.44618736383442276	0.06497846460879152	0.47818930041152263	0.07314631095436816	1.0
0.450089620335669	0.07033462488973735	0.49197860962566853	0.0746764562154987	1.0
0.40385620915032683	0.08926731812082209	0.360410830999066	0.046034143927317424	1.0
0.4594427244582044	0.07122143978754988	0.48118619348565866	0.06921067698013056	1.0
0.41072050121823883	0.0691874032984712	0.44201680672268934	0.08315436375937266	1.0
0.4211161387631976	0.07056359150687042	0.4433773509403762	0.06970860865974353	1.0
0.4491008237614574	0.06064724879075358	0.46362545018007206	0.04490057156085411	1.0
0.459504132231405	0.07203968477499886	0.5052420968387357	0.07866935682935462	1.0
0.47237076648841353	0.08748116364140532	0.5300520208083236	0.08696745978303977	1.0
0.44268946332858405	0.09007677526910257	0.5016702977487292	0.06460115642084382	1.0
0.4097835674062013	0.07038605843439655	0.4285645122246428	0.048205931473818166	1.0
0.3606978085351788	0.07677798094709753	0.4116194625998549	0.09852320621262875	1.0
0.39911822717252593	0.06850158901459821	0.41344537815126065	0.08133513589874493	1.0
0.39999999999999997	0.09533430083458176	0.456262505002001	0.10644534125852013	1.0
0.4482597575892362	0.08210506321310779	0.5109873535212902	0.07852562582886918	1.0
0.3576516997331478	0.06400975151820928	0.38327330932372966	0.07253477827985486	1.0
0.4631253055238718	0.07085510152377245	0.4832928212607356	0.07317172222821458	1.0
0.40566190973430777	0.05470127719099509	0.4215286114445777	0.0525775605900283	1.0
0.4321220043572986	0.08912898726286879	0.5097070927136286	0.08989715023082756	1.0
0.44042336657846537	0.07567515175006331	0.49832970225127093	0.06974379922877873	1.0
0.3857520863016487	0.06245042508520142	0.43892519970951344	0.06882821552053185	1.0
0.46003016591251894	0.08555103669467432	0.5065226090436178	0.0836052730891378	1.0
0.4207930283224402	0.06278089451194399	0.468167513919148	0.06152479987850575	1.0
0.39358605664488006	0.05859439239414205	0.4192689421447591	0.0718225351776726	1.0
0.37982224031481115	0.07240531319864008	0.4309368191721133	0.07791249934886328	1.0
0.43059471722573334	0.06322451615036659	0.4673869547819124	0.07156492724514622	1.0
0.3778317938745748	0.06672567696643207	0.4253701480592236	0.07067488346033152	1.0
0.4379858452256642	0.06258030025634853	0.4546618647458984	0.05989978475164296	1.0
0.3787910430444368	0.06348826663997831	0.44721888755502204	0.054626756465102774	1.0
0.4319559228650138	0.06421214111258806	0.4625850340136055	0.07259298784098625	1.0
0.3758872143898882	0.07717732935156546	0.4394557823129249	0.0655882018975916	1.0
0.4153621779290229	0.06844155359375004	0.46154461784713857	0.07627427491954633	1.0
0.39174163783160326	0.08422558278081696	0.47518760590656034	0.08551310657990444	1.0
0.41830517674197715	0.08195453958976598	0.45877511498426526	0.08449477557827619	1.0
0.4413547237076649	0.09684766096727765	0.5161264505802322	0.09644725901073989	1.0
0.3699694989106753	0.05255242218545872	0.39419026870007234	0.057149752731391355	1.0
0.3597211328976035	0.07895590629655333	0.40440571290244487	0.08417312196983628	1.0
0.43211797115540435	0.06882569694664492	0.47338935574229674	0.07965950221871325	1.0
0.45953654188948306	0.07745966692414834	0.5114045618247302	0.08019631161314093	1.0
0.39144385026737977	0.07439964336763187	0.44849939975990394	0.07418096457506522	1.0
0.4029816885431859	0.07650078973472603	0.4240096038415368	0.10321821623219599	1.0
0.40518554529249723	0.06351088020694196	0.4501000400160062	0.068136739106161	1.0
0.39504132231404965	0.055493472258401205	0.4310524209683872	0.05764526215850925	1.0
0.393378112490671	0.0645827922109592	0.4199467441297506	0.07540279516688311	1.0
0.44828866457825745	0.06787528227780053	0.4874749899959987	0.06336602528238272	1.0
0.4513980740225085	0.0707540864926457	0.5090036014405763	0.06979850346085743	1.0
0.4229957071586031	0.0627858395262509	0.45978391356542614	0.062064995781015826	1.0
0.42471551947811265	0.07258064999268728	0.3934563174382179	0.05551333908733719	1.0
0.3871910894535329	0.06500441682641511	0.44369747899159667	0.0743289859648034	1.0
0.5210258497862813	0.08046932360674144	0.5330428467683368	0.0802240657280878	1.0
0.4201588073245828	0.0753960125230523	0.47058823529411736	0.08928209838708073	1.0
0.3739503557655748	0.0850630187689005	0.42080700048614494	0.10213640352529449	1.0
0.3820650697952312	0.06081744290419892	0.3922216820612543	0.06975173100527736	1.0
0.4034327304328934	0.08476884576456563	0.4647544968400584	0.10838853850557462	1.0
0.38081045751633996	0.06738951502105012	0.40610021786492373	0.0887284692382557	1.0
0.3756688453159043	0.05014848301804416	0.3855240861776808	0.05851107202835379	1.0
0.410855553293982	0.0639719831098718	0.4579520697167756	0.08045191466246526	1.0
0.423483002668523	0.07771025656930942	0.4646658663465387	0.08616720320532252	1.0
0.4247128437173686	0.08467212032240787	0.48947579031612665	0.09529718878489318	1.0
0.42849582739670267	0.083343740356528	0.4414911643669812	0.06867467338212135	1.0
0.42269404803341454	0.06687938502412047	0.4400960384153661	0.06275155862430716	1.0
0.3817844297482306	0.05060254488303831	0.4183273309323728	0.05967460439996416	1.0
0.4694512124376377	0.06176640498263805	0.4965986394557827	0.06368623163549693	1.0
0.4545538925629424	0.06320998750926739	0.5117246898759507	0.06081130777884924	1.0
0.47907956571058175	0.05923677741399325	0.5046818727490997	0.07280120487333301	1.0
0.3840816800092819	0.0768821124797572	0.4369747899159665	0.07618936053997263	1.0
0.4036199095022624	0.07330216986400963	0.4743497398959583	0.08279510609653666	1.0
0.3656804733727811	0.07166900225608745	0.4227290916366547	0.09104453027101689	1.0
0.33303703703703713	0.07167106151075901	0.34534011135318304	0.09534603943163485	1.0
0.39931939718035975	0.07005916045268257	0.4359343737494998	0.0796729624304402	1.0
0.36137690631808284	0.0768346136201342	0.4275478092471556	0.07171479918136292	1.0
0.3654716324399582	0.06375568932721659	0.3743897559023608	0.06637818225009105	1.0
0.395962408632092	0.08674161180201767	0.4468187274909964	0.07470909091657281	1.0
0.45347764705882354	0.07592795732025412	0.49785357930154306	0.08311066054005499	1.0
0.46376935789924706	0.08190993534836423	0.5005495623855081	0.09817653085092519	1.0
0.4546974345293674	0.07813307813265528	0.4779776373359262	0.056071095280114995	1.0
0.46410630367849626	0.11132433682580097	0.5098039215686273	0.08726775259706361	1.0
0.427385801966216	0.07212319839557269	0.48183438664722084	0.060101460945485394	1.0
0.46741298595562797	0.06502715058111315	0.5089324618736382	0.05179589078480517	1.0
0.3510848126232742	0.0761696117868204	0.4012004801920769	0.08211607736150676	1.0
0.44159041394335513	0.10469918842118335	0.5055088702147525	0.09902280613246363	1.0
0.42093246187363836	0.09897949963171687	0.49101912369886225	0.09839487654276764	1.0
0.40803485838779946	0.05970307784473554	0.45073832001936576	0.051447130710729774	1.0
0.380035650623886	0.06989859189417857	0.4171268507402958	0.07978285712890522	1.0
0.42946037919299945	0.0883936352714301	0.492517006802721	0.07785704081949894	1.0
0.4041304095602738	0.05869619014238509	0.4101640656262504	0.052276867983346485	1.0
0.40201879568395404	0.08521773038136428	0.44625850340136053	0.06797061765712427	1.0
0.38856015779092695	0.062205046489662644	0.44233693477390956	0.05958106764383591	1.0
0.420373593224272	0.07863335116499282	0.4703481392557024	0.09598637768082169	1.0
0.3893027033298527	0.0704580961949289	0.43785514205682285	0.08234341300469748	1.0
0.39679777236338326	0.061671868344285806	0.4504201680672265	0.06792827783132606	1.0
0.48804410653150143	0.08383339567584486	0.47013450008102414	0.0656598133857167	1.0
0.4011138183083884	0.0756729975727369	0.4617046818727493	0.09069828752866915	1.0
0.4010283224400872	0.06157518882017131	0.4473493100944082	0.06593245579043877	1.0
0.44209305023784656	0.07042140893745823	0.4556222488995601	0.0772819097369652	1.0
0.42803435423756286	0.08136295897032453	0.44193677470988413	0.09780758284167274	1.0
0.3599740722735375	0.054887760430985734	0.3866346538615445	0.06669990697333683	1.0
0.41502137187054766	0.06443160495063854	0.46526264826918423	0.042964487548461765	1.0
0.40217144709123326	0.06900354539257854	0.444017607042817	0.07754922744459747	1.0
0.3869713174526009	0.055158631758301616	0.4157663065226089	0.06184241297024887	1.0
0.41341759844433645	0.08430574831713424	0.45138055222088797	0.08018962571303986	1.0
0.39173553719008275	0.05209392648079754	0.4255302120848338	0.05297821537172209	1.0
0.44391508669583535	0.06382570267217598	0.44857943177270915	0.06076753050256247	1.0
0.46306919461999674	0.08201234700550054	0.4878751500600242	0.09983299641774415	1.0
0.3955729847494552	0.04543116387158182	0.41273299443234074	0.054798680391273696	1.0
0.4276134122287969	0.05829415553799627	0.45554221688675467	0.06057494480992796	1.0
0.42545538925629417	0.06376550972534585	0.4059223689475791	0.06953702762968957	1.0
0.44262675484394937	0.06258377962134867	0.43921568627450963	0.07855790447011274	1.0
0.4165613352779129	0.06049792877197773	0.45826330532212867	0.06346098953993043	1.0
0.38752228163992875	0.0762019750206805	0.4274509803921568	0.09032031795759207	1.0
0.4903585102680126	0.07153165977902105	0.5085234093637456	0.06484629128733324	1.0
0.45060911938739984	0.07162103986650137	0.4519407763105243	0.07605269851613329	1.0
0.46457825733843844	0.05879712370751336	0.4963585434173671	0.06921781551650999	1.0
0.41284531590413936	0.05292231453827924	0.4402808036794964	0.05240473440697579	1.0
0.4422946037919299	0.0733749254872899	0.48755502200880346	0.06827823265436403	1.0
0.4295900178253119	0.07006157925613468	0.47531012404961975	0.07451831561219907	1.0
