0.4281558904553558	0.051297416852604034	0.4865344622697565	0.05634383004975994	0.4133689839572194	0.04468130504336058	0.4419594226579522	0.049064679004922576	0.44242459452916927	0.05702081016423652	0.4542273620223138	0.05774293311997746	0.0
0.4372752561232106	0.04659948541130961	0.42670126874279135	0.04639499391587349	0.4222335300902369	0.04564724553039592	0.4221622905217452	0.05105027534604834	0.4265249695333693	0.04735815302826293	0.4353677470988397	0.052680254700432846	0.0
0.43697576252723325	0.03843627214351893	0.4350678733031678	0.041668759016499975	0.4286639014580192	0.044289887436986405	0.42294349692539734	0.0461613548909418	0.43007897036365583	0.04313211116500325	0.43866352941176456	0.04049862522234416	0.0
0.44656257564754304	0.04751183827464584	0.44886226095376425	0.0553030928767445	0.4263737593802954	0.051626108570938904	0.4349310094408134	0.05182983225941577	0.4381752701080433	0.05170727276800416	0.46552604421269894	0.05193034000782196	0.0
0.4425629423366979	0.04382043067598771	0.4512414433228911	0.04351194097124921	0.4263951734539969	0.055588814855340944	0.41761805313841516	0.0525867179657492	0.43368840038899065	0.05052909233136085	0.4585814572742675	0.05578222472196907	0.0
0.4360600490196079	0.05350010922121181	0.4666360294117648	0.048168378095780576	0.3995251225490197	0.03707111517024371	0.40883884803921566	0.04789245987098269	0.427026585868478	0.0527333042335504	0.4395006445484768	0.062364156292801176	0.0
0.40137527233115483	0.05458124807616474	0.40496323529411776	0.04851466704454169	0.3890590958605666	0.05743413574208714	0.4000136165577344	0.04823868827059231	0.39801347428967077	0.05203888319831661	0.4263027450980394	0.05739883078161405	0.0
0.44900428921568625	0.06743702907931905	0.4697763480392157	0.0635369237890719	0.3864430147058823	0.04442557485113863	0.4101102941176471	0.05898909801634426	0.4269694558364444	0.06496525443425036	0.4395142139900944	0.0684678837664358	0.0
0.4251255874250527	0.050230350047041274	0.4278891859774214	0.04778446353520804	0.42251188354129554	0.056152593146458936	0.39618055555555576	0.05228819222078921	0.4162381989832966	0.05303831487856231	0.43424144705141055	0.04935178089983678	0.0
0.3646718409586058	0.043421509882137575	0.38163021618904	0.042184189834331864	0.34678858722976386	0.04153380131264944	0.3557605290636967	0.04949321769859487	0.3619929604494861	0.045809109208758345	0.36759215686274543	0.05190868879785604	0.0
0.4239264300761628	0.05141604241694039	0.41794684816075195	0.05646982465631338	0.40201750121536234	0.0448566943182055	0.3978852698104036	0.04761516834744208	0.4093277765405782	0.05094765227267462	0.43063864487193765	0.055567561682769176	0.0
0.3763085399449037	0.037549626604039626	0.3903594771241831	0.04185872588788374	0.36287878787878797	0.04964416249655798	0.3659109477124185	0.0631488733200736	0.37326942628903387	0.05040178497549107	0.3842470069313172	0.06425436346423712	0.0
0.4222789115646257	0.0746211284980899	0.4465336134453782	0.07317778342660805	0.3657112845138056	0.047620061649206485	0.38476890756302523	0.05636328546068419	0.4042106627775077	0.07121636132426978	0.4420601058497116	0.0773543642716269	0.0
0.3813846526264829	0.061729707812173434	0.3802832244008717	0.047819699899606265	0.34494069232631347	0.04640598897087501	0.3636498426531108	0.04882702942473087	0.36701634829690677	0.05252734967557777	0.38038356321345207	0.06521078661413934	0.0
0.4081832733093237	0.05510379155865016	0.4040416166466587	0.051197138599546825	0.3554221688675471	0.051934112714474616	0.362404961984794	0.06158654218632646	0.3789935178460962	0.05765617351344446	0.3990762527233115	0.06936207230897569	0.0
0.4465726786582403	0.04793051909309317	0.49107991681521096	0.05475298033265356	0.37586155674390975	0.04867236167679402	0.41060729847494565	0.07294646120959233	0.4303829581215199	0.07184304808587821	0.400222395196264	0.0665819204367055	0.0
0.40343742435245705	0.05766769980645767	0.3869160009682886	0.04844098749996566	0.35574921326555303	0.047099214006247773	0.35791575889615096	0.044288882438503284	0.3752957182873151	0.05200314912123142	0.3770246048557927	0.06032640615294945	0.0
0.3896963771658248	0.044130190734068445	0.3853294226277769	0.0442841898210922	0.3509124979631744	0.04829966798704718	0.35833740698495486	0.051418747062008004	0.3709085838779958	0.0497235791058956	0.366337935568705	0.05308160503638916	0.0
0.3982058823529412	0.04101681193629372	0.3884117647058824	0.04822110064467062	0.3718333333333333	0.046036061544566714	0.3723333333333333	0.050684599883765474	0.38197006613296214	0.047521350080180894	0.3957760882130632	0.05232872742962325	0.0
0.36686674669867964	0.04536470081501144	0.3683566760037348	0.04862431381240675	0.36208683473389347	0.0484419599549934	0.35442265795206973	0.050168704564115554	0.36173060790952277	0.04717633678604463	0.37403184817327645	0.053678129266184045	0.0
0.40399959291675164	0.0671595140496154	0.43173213922247106	0.05666683029589968	0.37189090168939565	0.062525871465976	0.40100753104009784	0.060200580309934776	0.40137853314638416	0.06427590729922097	0.4240896358543419	0.07850310701333098	0.0
0.3918651197503224	0.05083976373893575	0.4425829809047802	0.06752683412035664	0.36851211072664375	0.05155969277289357	0.43350278382958135	0.06487321293612854	0.40918574529160556	0.06640279904534176	0.43656502601040414	0.06815202483725302	0.0
0.38069607843137265	0.04813125859740645	0.3878163992869877	0.048133390531252554	0.3411853832442067	0.050334501164787396	0.36542699724517913	0.057741750305839556	0.36771762839579614	0.053579640619767735	0.3702636610199637	0.06319115872615028	0.0
0.4103591436574629	0.047823954653476435	0.4051470588235293	0.044993981483417114	0.3850690276110446	0.04965697220731728	0.3626750700280114	0.051416710911138024	0.3904300761626965	0.05185421285703693	0.3893124431698957	0.05679920957581831	0.0
0.4011718296786171	0.05390349237980902	0.4535983624218917	0.0570217079257535	0.35467571644042245	0.04433161025143745	0.4087935174069626	0.05558033343903269	0.4049337214415849	0.06354373612409843	0.4153312353748084	0.07492879741882787	0.0
0.4346677559912854	0.04988467611604731	0.4504901960784314	0.05273560853296361	0.37903050108932457	0.052376375768767434	0.3916666666666668	0.05404688577746485	0.4143222506393863	0.05983776060648012	0.43079243531732225	0.06739543845882318	0.0
0.40554721888755485	0.045113829042067725	0.43204948646125085	0.0479275815884709	0.38015873015873014	0.04950356327071233	0.39601742919389954	0.050519068671900466	0.40328426846269433	0.051579640234468496	0.408687137161642	0.053530975646791434	0.0
0.3841911764705883	0.049753521741149116	0.37162990196078444	0.045949987447116376	0.35159313725490193	0.041965670719088785	0.35271139705882354	0.04962509321268132	0.36378772112382923	0.04679465622965173	0.37402808874414817	0.05285127588051312	0.0
0.38590645988836036	0.05077174477178232	0.393923631253948	0.050724485358661975	0.38828105864304957	0.04625317732565439	0.37081512420878954	0.045864573070931725	0.38470612719593567	0.04905802135632536	0.3870678090175343	0.04296072181895544	0.0
0.37923773059519683	0.04323522739501934	0.3697048049989228	0.042513407455331366	0.3684820081878907	0.047412610171620836	0.3800870348139256	0.04938814288072901	0.37417125625615166	0.04551504071927513	0.38077947228274045	0.05244061137308239	0.0
0.35777932474765084	0.04311561377161452	0.3686705451411337	0.04420840956434065	0.3381113984055163	0.04266470442712138	0.3581682673069231	0.07022028813456115	0.3551734969530712	0.05222054434406069	0.3720218402861832	0.07410025142020087	0.0
0.3633122670555827	0.04126534785634884	0.36404486036838984	0.044794919037940716	0.33804961378490805	0.045186460822731714	0.3497753267973859	0.04375672676883358	0.35258871943839243	0.043855875371757794	0.35778939174913843	0.05046919739916569	0.0
0.3504715380962075	0.04694374298895095	0.3708053463599974	0.05047861248299138	0.3457527647737297	0.048644421451158285	0.3565472555804331	0.057208339331498166	0.35526668675935524	0.05022854493614807	0.36573029211684693	0.06013243317049727	0.0
0.3809323729491796	0.04779495907063457	0.39588835534213684	0.050359648492361	0.3511254501800723	0.05156341118722966	0.3707683073229292	0.052939432212636015	0.3741785772160105	0.05281926371705151	0.39580797836375914	0.058696096015375836	0.0
0.3931372549019609	0.050060161229933786	0.3998865661967267	0.06197452247439073	0.34878463782207103	0.05576430768569072	0.3581996434937612	0.05466796292594718	0.3738342930465858	0.05850416848999365	0.38418770154564674	0.06179899209791503	0.0
0.3853183248608086	0.06379178342189015	0.41519002662793514	0.07636624750934744	0.3261195836359234	0.03782242684595638	0.334156378600823	0.0487512735284445	0.3648339335734295	0.06868570913623351	0.3611427950681656	0.06594832240903475	0.0
0.35943627450980403	0.05723801976803879	0.3969226579520699	0.052492361348229266	0.37490468409586053	0.07670752979096906	0.3365770999757927	0.0667606298897917	0.3655485334629721	0.0684950649910702	0.38199335097360754	0.06925399493064546	0.0
0.42389391654097536	0.04757545618530854	0.41985149089221496	0.04459729975906204	0.39411136249371564	0.04787013431644829	0.40053370460610294	0.04852085660144418	0.40886001459407306	0.04749065144538316	0.4249237472766885	0.055307058181351634	0.0
0.4960920479302832	0.06108459077495518	0.5332390648567119	0.05393179976883326	0.4340246354952238	0.04393154029764211	0.4734888038055457	0.0477165790443659	0.4836154870111311	0.06282012126718102	0.49797019607843124	0.07470648382133908	0.0
0.34216122004357297	0.03873315400619114	0.35827614379084965	0.0431692683302645	0.331576797385621	0.04251273218879885	0.33869102328431355	0.054943519774520555	0.34244642226683736	0.04628406686321341	0.35526310420109763	0.05655484872800279	0.0
0.35260713703764074	0.04005655146429588	0.350855466840476	0.043336238677285234	0.32189180381293814	0.043146418981712585	0.339120634403346	0.051831351600170286	0.34078326797385644	0.04571798906615316	0.34163540498382167	0.055248534681649045	0.0
0.3736988622609537	0.04244077459474032	0.35978213507625273	0.04125480606198691	0.34785403050108926	0.04633373571872654	0.343813725490196	0.06038234592167896	0.35563098869935134	0.050213971375614286	0.36523817283145954	0.05433505516639819	0.0
0.36195836359235073	0.041949361702425664	0.3729817235536192	0.042693151836948655	0.32526325344952817	0.047060420862968334	0.3186183732752362	0.05055777273233764	0.34430843553449964	0.05106628758339992	0.3608731147681865	0.052393929734717834	0.0
0.3589460784313726	0.04259015623209762	0.35073529411764715	0.043262455958265326	0.34726387286940913	0.060341984443381826	0.33487120338331405	0.05081194691270669	0.347044817927171	0.04999622708919134	0.36176774115218835	0.058062995366546674	0.0
0.38285314125650266	0.06250444752329246	0.3897584033613447	0.07312442640714834	0.43054971988795515	0.10009077877832881	0.38290441176470597	0.07489325943689276	0.3951504977734256	0.08199556890442058	0.43956427015250554	0.07135641681266378	0.0
0.4907528443476157	0.062135641585122255	0.47964052287581693	0.06522056259143409	0.4681372549019608	0.06091828837717872	0.4621666666666668	0.04696302003743038	0.47345278505850835	0.058683617944440825	0.49750692520775636	0.06340689557825853	0.0
0.42945098039215707	0.04942920330315822	0.434233511586453	0.04672669128830962	0.37692513368983976	0.0547911724064817	0.4064738292011021	0.06841398786968701	0.4101550197711444	0.059365598828285876	0.4306077986750258	0.07499915044430314	0.0
0.4100646352723915	0.0451138540776214	0.4233528868611156	0.04228350291934694	0.36911900494269756	0.0511266545030182	0.3938569333550595	0.04293041747717191	0.39850387799564274	0.049151838977321956	0.4116718876899873	0.05402187386302756	0.0
0.34051077221011855	0.0449345846207333	0.3393246187363834	0.04767008931966953	0.3474074074074074	0.056049872112067425	0.3280882352941175	0.051861291473309694	0.3382431716294994	0.050853667589514366	0.3517462386616696	0.053500827115557544	0.0
0.40978391356542615	0.05071205622777076	0.42155112044817933	0.09056880751694456	0.34096638655462186	0.05861586318577307	0.3473039215686275	0.07506219889347558	0.3760089529271874	0.07827193715806233	0.4084705882352942	0.08891206376645272	0.0
0.3605119825708061	0.05261469845771893	0.3893090569561158	0.07609252241770767	0.323249299719888	0.056753643705811256	0.3572829131652661	0.08616417369829017	0.3572517647058826	0.07279892712298847	0.38032254321847087	0.08860641257775075	0.0
0.3461669389978216	0.052608841417916614	0.4002136752136754	0.06824337312200658	0.32402589240824553	0.05460576236398689	0.32506671307576307	0.04766281884626991	0.34831891940449666	0.0645465630309201	0.340090980392157	0.07006064945936209	0.0
0.3806672669067627	0.04912395006824097	0.37581232492997185	0.04858911809142638	0.3709943977591036	0.05399622633736511	0.3628540305010893	0.04984591022125911	0.3717560154255608	0.050316286840825016	0.38072789163227705	0.062187331219007706	0.0
0.3954452614379087	0.043046322627071046	0.3850678733031677	0.04455428948217853	0.35602689793866293	0.050002027761150696	0.36536721197354705	0.04733368654825861	0.3743048239704047	0.048460186324974466	0.3874258823529414	0.052368834806393094	0.0
0.3969209558823529	0.055561037480853816	0.410239651416122	0.0524932758089757	0.3319716775599129	0.05046713096389446	0.3448801742919389	0.049858540815451234	0.3683645726426477	0.06115225479952143	0.37305108894768996	0.052532241622797515	0.0
0.4038411458333329	0.04836211258550537	0.4009335351787775	0.048973926752492056	0.3819096020761247	0.04748353164129703	0.37536807110387427	0.056017101900383205	0.3896312797308274	0.05161950459041001	0.40987054142134377	0.06003532853842819	0.0
0.5059633770863716	0.06826811607132843	0.5297979797979795	0.060835452106671906	0.42895127748068956	0.06563700617694582	0.47831563180827874	0.08469680388720141	0.4845296538368432	0.08001910097854491	0.5211683160977054	0.09820195757583486	0.0
0.35102900664398	0.059961104333159036	0.39560849133041665	0.04881010712881195	0.3565872630043755	0.07656688813554757	0.34531680440771356	0.050050856398195204	0.3611639571999703	0.061068666807284885	0.3682567923199528	0.07196519479014776	0.0
0.3363615268592646	0.053932496081054784	0.35043508527671446	0.04351506276394483	0.3054994778976681	0.04578562228669165	0.3262037359322429	0.04950426951472167	0.32951881252308707	0.050901729653129064	0.3311654428575273	0.04978421497188401	0.0
0.33334953816237245	0.043122117978966125	0.32075906120023784	0.039544883888566335	0.30876411170528817	0.04118041386245589	0.3096269063180829	0.045284193105675836	0.31781747760832724	0.04349528520550281	0.3203676933911562	0.04481504294050358	0.0
0.33323650447833447	0.04390675968850723	0.34402081820382474	0.05201475658260977	0.3026991043330912	0.04337528925594004	0.31430646332607115	0.05197919947512261	0.3226346538615447	0.04972609923165936	0.3413285535820977	0.05258959228740537	0.0
0.3348300266852305	0.05975053298333341	0.32751023486317626	0.046107435193577316	0.304605688429218	0.046262706194546914	0.3085184073629454	0.05265604414226116	0.3185475258098969	0.05293894686127262	0.31747491863686506	0.04979065972460447	0.0
0.49207516339869284	0.04283697705034317	0.4914011437908495	0.04708456510364568	0.43331290849673226	0.04511411830192746	0.4239719498910678	0.0462527337409884	0.46016918311009336	0.0551179566162919	0.4467388235294119	0.05386162361063906	0.0
0.45723039215686284	0.051323375722718015	0.4453499455337691	0.057944122292339945	0.43449074074074084	0.05060517077796132	0.43358523965141627	0.042311755183232	0.4426295280448079	0.05143054989373232	0.46431999999999995	0.05266304011844456	0.0
0.4789882817032136	0.05019071477877407	0.4872723053718528	0.045883218604422876	0.42355841744982015	0.04667111236832253	0.4485497157442859	0.058528486774933795	0.459351229919111	0.056272218552675064	0.455499072056806	0.062341831034678184	0.0
0.6039407169117651	0.05745911213177057	0.598923866421569	0.058800638234496425	0.5810508578431377	0.05390737228677369	0.6078546262254906	0.04775250637048006	0.5970684570124352	0.05462953946959769	0.6305010893246189	0.059740335074564124	0.0
0.6150461837627613	0.045290848016376145	0.6163182628423269	0.043999758504845596	0.5882596013612056	0.05223772073742803	0.5993518068384378	0.04677813720720895	0.6033149874335892	0.048166220922401026	0.6275992438563328	0.05330666620813813	0.0
0.4855490196078432	0.06496642639638611	0.49885026737967914	0.07524832685934907	0.4447593582887702	0.04596092935280782	0.4683681737157674	0.054866829495471975	0.47227723927167525	0.06360666765208976	0.5076964118980927	0.07216636394401173	0.0
0.5024237472766885	0.07821350340359513	0.5239311002178648	0.0880046555196694	0.464222494553377	0.06747620382560343	0.47245370370370376	0.06279785925824602	0.4885859096920796	0.07595435813015476	0.5180047058823526	0.09196890988402637	0.0
0.5084604212055193	0.06183434667432554	0.5052408617768096	0.06334786440559587	0.47772936335027844	0.05332866295730933	0.4859356088114259	0.05120431434592164	0.4926002400960385	0.05795121837976942	0.5197653576666124	0.055127790907528784	0.0
0.5538005325587024	0.07125401548208773	0.5393367223432582	0.0848484794093947	0.47603485838779963	0.04548293178370678	0.4726216412490923	0.04889032372266484	0.5108091236494597	0.07386722463890553	0.5147574819401445	0.08295917541380805	0.0
0.5248699479791915	0.06305958608241813	0.529962651727358	0.07183474663179715	0.4751307189542482	0.05676663398250443	0.49047494553376875	0.05782136108075496	0.5036349042540994	0.06624734208635168	0.5229908372385814	0.06263447116674203	0.0
0.5035675381263616	0.06474438343705866	0.5091654563059793	0.06128328263657569	0.486764705882353	0.05067018956665453	0.504036552892762	0.04905268149786733	0.5004702615027363	0.057376531983499436	0.5183975708617998	0.05592140192470513	0.0
0.4832409972299168	0.047270882867154834	0.4717695942642984	0.04670487257383527	0.4720194448970723	0.04802639991395743	0.46973005268589413	0.044712624434422	0.47397925925925916	0.04681635618200468	0.48520967887483707	0.04703461465909614	0.0
0.5100459937061244	0.06467203131840416	0.5214488017429192	0.08133166778197128	0.48933551198257086	0.05009489223118016	0.48706862745098023	0.05756298312211896	0.49977226829373095	0.06548660094321607	0.5316930096138178	0.06725037280149666	0.0
0.4438767894701134	0.04334600650575502	0.42872311554379555	0.043822956719488194	0.4372752561232106	0.04920670095031688	0.418661374584436	0.04925007038505479	0.43238941377397494	0.04743126526685793	0.4203761504601843	0.04573446423470323	0.0
0.4023907483598356	0.04656687212062121	0.40858630786908356	0.04318375323872616	0.38174506097334987	0.04837015898521047	0.3992623892657254	0.052751739021238746	0.39790448723868255	0.04855401652863505	0.3905076380937166	0.050056962557811	0.0
0.4123851102941173	0.06919905335540276	0.4117838541666663	0.07763544697125822	0.3502910539215685	0.03522747268606051	0.36056985294117627	0.04562022317554588	0.38312312579352703	0.06501329635284799	0.4086101658294174	0.08717186759374823	0.0
0.45530708151029026	0.06392918046518364	0.4423918327661644	0.08265733392408052	0.3585723545616594	0.047786966893687825	0.38910225247123664	0.05869519961372783	0.40946987772935	0.07400779975217758	0.437466177397235	0.08025775951902961	0.0
0.43895424836601277	0.04871387130755471	0.4268583877995639	0.050440731719746675	0.3592549019607843	0.049801929367935496	0.36942919389978207	0.05210900022197809	0.39788769285364234	0.06035805717350472	0.4237946583420045	0.07276515714688413	0.0
0.4736213235294117	0.06645730491643147	0.4481770833333333	0.0915490137510745	0.37647058823529406	0.03996817453723469	0.3890012254901961	0.04792879957917182	0.4200322376609328	0.07578191925814516	0.46308433407965266	0.09860263956610564	0.0
0.4648965141612201	0.05290654007842214	0.4620915032679739	0.06482928472341692	0.40380485527544363	0.04381069552105163	0.38915566226490594	0.059243151583148	0.42419450980392165	0.06462928385086608	0.47829214526047104	0.07019145341935684	0.0
0.4134463507625274	0.04745079202043091	0.409763071895425	0.049106334193300884	0.3604779411764707	0.0413397434815514	0.3732434640522878	0.04482147676541526	0.3882672489548107	0.05044543667857051	0.4172862745098041	0.06254346372673526	0.0
0.4498777288693251	0.03320719323947917	0.4564670312569469	0.04074204570146473	0.4196056200257877	0.0378882929583488	0.42362722866924507	0.037314812625503346	0.4376075528193564	0.04036093152670212	0.4308762553155385	0.044273450579724594	0.0
0.5013458110516934	0.05045169862411749	0.5071568627450982	0.046229855281792485	0.44515745692216285	0.04103450656287295	0.45365701836290084	0.04542748839442241	0.47568845315904107	0.05310132750267075	0.4755652985832015	0.058200538592456795	0.0
0.5113795518207284	0.08042375084096558	0.5245284780578902	0.06965891604315835	0.46818394024276333	0.050980078623193585	0.48611328976034807	0.05343242217714434	0.496480968503129	0.06769719084579087	0.5232146604182693	0.0747706418160416	0.0
0.3901605086479034	0.04233631019937901	0.40634071810542366	0.04112538107988769	0.36785077667430605	0.042789043715520426	0.37533017339167046	0.0422965022970442	0.3846507904199741	0.044520561248685364	0.39406992651035505	0.04447052343223564	0.0
0.4336334533813525	0.05938319449432588	0.4360644257703081	0.049081193806122664	0.38216036414565807	0.04931255808272957	0.3861519607843138	0.0488668130022926	0.4071017229721851	0.05628004660131353	0.4264400871459693	0.07143951021736693	0.0
0.4258980392156865	0.03344127194440012	0.4357556561085974	0.044250499619852786	0.3881659125188539	0.03524984512263057	0.3847821673047919	0.03297300460645437	0.4082087300168574	0.043043663840594826	0.41013637288825583	0.0434589374948267	0.0
0.4322719170312755	0.03553351798614403	0.45006684491978616	0.03271950647102239	0.3833853238265005	0.031855954615741505	0.391537309368192	0.04450970951055298	0.4131590413943351	0.04592560745519621	0.4274287408725306	0.047439470801422454	0.0
0.44577450980392164	0.04013666083071385	0.45232352941176485	0.05101707609353561	0.41569607843137263	0.05089110054204499	0.4247941176470591	0.07006907371463335	0.4341828776217915	0.05546673146207197	0.4247298919567829	0.055312216058514836	0.0
0.4858609068627452	0.060652411035799735	0.48518518518518494	0.06398807176249818	0.4447031590413944	0.05944698410553443	0.43625030259017195	0.06504384171562934	0.46091935396748246	0.06575713597146869	0.45583825225591973	0.07220540940537823	0.0
0.488759531590414	0.04729684239208467	0.47361791938997805	0.04748463408822211	0.45393518518518533	0.05427901194449788	0.42979302832244015	0.04720708544400258	0.46101066048873157	0.05250515688494673	0.45110588235294125	0.06219739587782741	0.0
0.46116727941176483	0.04325492224292224	0.4689950980392158	0.04204176772711339	0.41752450980392164	0.03976982571970636	0.4252757352941178	0.04271876580828144	0.44205994572646906	0.047087320406713366	0.42576836963158987	0.04846351010925889	0.0
0.45801307189542445	0.041577663517057536	0.4599651416122002	0.04822855872359627	0.4048540305010891	0.040670335089711844	0.4095381263616555	0.049215011624239316	0.43274583030569286	0.05138069131438466	0.4396523229479092	0.0553198218149661	0.0
0.4289692265795208	0.05226620717920457	0.4685080442433383	0.06646612500481541	0.40011312217194583	0.042771322748694295	0.4070251769346793	0.05294953326801703	0.4245453283354159	0.06011826022569086	0.45015215686274535	0.06688812948018134	0.0
0.4338886335784308	0.048214376945246835	0.4424632352941178	0.0644621890547244	0.38525807381776256	0.04254645101304382	0.38239704186172757	0.04224617757677084	0.4097236338322313	0.05698441096093844	0.43053710005581664	0.06863286504835546	0.0
0.42899111201574064	0.09860680780487233	0.44375805685596037	0.07101981920776247	0.4173688852703713	0.05652177548226995	0.42661645973268214	0.059051100471995306	0.4284494996483781	0.07343310287940986	0.48466106442577034	0.07038865658634091	0.0
0.4114705882352942	0.06007441913490031	0.420921568627451	0.059772549975245295	0.37821568627451	0.04380656070781153	0.378764705882353	0.04382429485117756	0.3968673860076574	0.05598594835871356	0.41217375839224596	0.05531206703965408	0.0
0.4269868894303283	0.05174985648775816	0.43153415212238727	0.08026878726813765	0.3983247145011852	0.038257888773311745	0.40744297719087635	0.04707089151822654	0.4152088175961023	0.05804072740563355	0.44120067780198474	0.06309363413399627	0.0
0.3368547418967587	0.06102594518852726	0.36213235294117657	0.07397081672128746	0.3168067226890755	0.0526642714119265	0.3302236519607843	0.06187011374678218	0.33356181949593167	0.06236376669430543	0.3915642701525055	0.07090017356706807	0.0
0.39066712622548994	0.04498380513837688	0.38445925245098006	0.03905792925993594	0.3845856311274509	0.056393441216991524	0.37424938725490176	0.04511865725931136	0.3836477800996939	0.0472943364147837	0.3750805740110554	0.041697217394026966	0.0
0.4946274509803921	0.040768906542916844	0.5040098039215686	0.044072788853178946	0.4646176470588235	0.041053687609491324	0.45657843137254894	0.04588436374793845	0.47991388534374935	0.04673928607543058	0.4859543817527012	0.04739521082382301	0.0
0.4839005023497003	0.05899665346005035	0.47526737967914445	0.07953869059424144	0.43237522281639934	0.05275474193602124	0.4278594771241832	0.05035029326456028	0.4531454853546353	0.06610485092470411	0.4384817821268395	0.06017715483416901	0.0
0.4562959558823529	0.047942901727679274	0.4448393246187363	0.05733057790882621	0.42329793028322454	0.04382918854327355	0.41537158073105795	0.05382644261930119	0.43318388879886216	0.05375783420418669	0.4238550783635254	0.054938910943774115	0.0
0.559434577154962	0.06478022017202442	0.5602244582043346	0.05778522467474219	0.5253457172342622	0.05513106187308634	0.52746568627451	0.05089929827351622	0.542313454307343	0.05933016824493944	0.5707416431398334	0.06437777795462694	0.0
0.5136778322440088	0.05171480064354245	0.5054550025138261	0.04804734723807828	0.49067370537958754	0.0505250818778731	0.48503886761805304	0.054104781204518	0.49734996039232016	0.05167313581046585	0.5092392156862744	0.05882626103930648	0.0
0.5209712009803921	0.06685729743090611	0.5448257080610021	0.08090404738602365	0.5081290849673203	0.0526319317830843	0.5325344952795933	0.06140302528073226	0.5253677595923586	0.06689218869368775	0.570472895040369	0.06251745879438314	0.0
0.45049264705882336	0.046584554704161646	0.4764122315592902	0.04864031309812123	0.4350396825396822	0.04307509521894502	0.44593170601573917	0.04679983159530366	0.45206882021212663	0.04857477706566366	0.4457874047893992	0.05212588542018273	0.0
0.44590439726186326	0.04569667876308183	0.45170553428471966	0.04360240037889647	0.42421974707042587	0.05280356558388652	0.4429342151061608	0.04691947120076583	0.44095106708581167	0.0480110827867632	0.4594152613034237	0.04923404978601423	0.0
0.49982174688057035	0.05804296794725084	0.49463012477718366	0.05885997629535723	0.46339126559714794	0.04268627628646363	0.4728349673202616	0.05434301702140472	0.481669329460179	0.05593935974269992	0.49430297638904347	0.06384120818628443	0.0
0.518948002754821	0.06988619716106938	0.552043969102793	0.061788039214684266	0.5404550406020996	0.06612697478284853	0.5254204793028324	0.05519084883360861	0.5342559890948625	0.06467476543649078	0.5361558131648066	0.06809056046351665	0.0
0.4892156862745098	0.07406671135967134	0.514156862745098	0.08396995170512542	0.48500700280112014	0.04994657715619472	0.475520541549953	0.05785500924400978	0.4910093182451915	0.06874178771084256	0.48087856201374046	0.0662385598725711	0.0
0.47053602506091174	0.045420746870646865	0.48443223443223415	0.05009053975018995	0.4588019823313941	0.054638938198517555	0.4579681872749099	0.05431167966145168	0.46768719591788294	0.05213268746333399	0.47417090292907266	0.05549544470575266	0.0
0.47903095122346456	0.0488745260004135	0.4748588829471182	0.06743478414991089	0.47975341651812264	0.05805377278334665	0.4755923202614379	0.05663542990477608	0.4766961994674411	0.05782139651186538	0.4740279476629971	0.06618412033700435	0.0
0.3081366497216172	0.04169307602048413	0.33234991527475205	0.04731646473714012	0.31081457274267743	0.05394028378395189	0.31288731541999526	0.05236197498443252	0.31595660680459464	0.04975196146951803	0.316323636832381	0.05638268980996014	0.0
0.2978474945533771	0.03539644310911569	0.3009640522875818	0.04033289370590963	0.3042565359477124	0.05504212935572884	0.3092486213235293	0.05172882033346843	0.303051572684973	0.04596851311101395	0.3171369692518007	0.06165057679664934	0.0
0.3492461873638344	0.04729361110660001	0.35138071895424844	0.054483851132666905	0.3189828431372551	0.04887608925649346	0.3315142463235293	0.057252274063259605	0.3370725769480057	0.05342695568797872	0.33148884944196194	0.05796312535440373	0.0
0.4240740740740742	0.04977307081320168	0.4194989106753815	0.049892934680453645	0.39528186274509813	0.06427612781942196	0.3946146514161222	0.056182067779853885	0.4080366415466143	0.05594722741232416	0.4085584313725492	0.06848171094013339	0.0
0.5271274509803923	0.07426375712669259	0.5258529411764706	0.08737621387213441	0.45652941176470596	0.08062467438336662	0.4891078431372549	0.06530132481068265	0.49893903649559734	0.08173331446607618	0.5116980125383487	0.08417891690318698	0.0
0.509493719362745	0.09729837913875258	0.5571330738177622	0.08942740856344017	0.48266652249134956	0.06278590173494653	0.5011025171314201	0.06793038533045145	0.5121874927485788	0.08445151600187945	0.4940924395469852	0.09609247677365493	0.0
0.5151989789998839	0.09162352037666449	0.5449041154923511	0.1133891791772545	0.473615600086188	0.07047068640083819	0.5383103241296519	0.06555544402920316	0.5174404400421615	0.0914339978834884	0.5426181446515508	0.08033557270939484	0.0
0.5105882352941176	0.09630847366636132	0.5327272727272727	0.10447054741144791	0.4523262032085563	0.051827543433132964	0.47226543509965974	0.06481447003919923	0.490851617267966	0.08767912836349288	0.4714330176515052	0.0684511448452421	0.0
0.456265318627451	0.0908114868099251	0.4979030501089325	0.10459841452593167	0.47094226579520715	0.058953945646488246	0.5029411764705882	0.06521965456375466	0.48103854948774727	0.08290791941255131	0.5056245335504443	0.08383348272043821	0.0
0.4890159767610748	0.07368809798864243	0.48960905349794226	0.05701595654101975	0.46302650689905583	0.05515061375792876	0.47394093439845075	0.05724022851422069	0.4785293923163393	0.062236668741708176	0.4956014838367779	0.06109551887235503	0.0
0.5171364379084964	0.09550347084364205	0.5146990740740739	0.09800135647713017	0.48093001089324616	0.05304499685459659	0.4633238017429195	0.05741151700951935	0.49414072555233046	0.08214423866643443	0.47714509803921573	0.06072990964501897	0.0
0.4859068627450979	0.10288192180851449	0.5174087690631809	0.08875710036096984	0.44972086056644883	0.0617091768620691	0.45900054466230955	0.059236702150535864	0.47694724788964926	0.08437374423855751	0.5109835294117645	0.08217760213206268	0.0
0.5455579762769304	0.07993446584828783	0.560711692084241	0.07634008133384933	0.4751028806584363	0.06011198998666764	0.5087751149842653	0.058141987782066126	0.5210020008003201	0.07697721428563074	0.5513551681060236	0.07507552490733735	0.0
0.546071623093682	0.08386394405415462	0.5076797385620915	0.0995226895012241	0.48923611111111104	0.06416060710959735	0.4491081154684097	0.06669288017756025	0.49777115010784767	0.08695555638095116	0.46217411764705857	0.07242521851764916	0.0
0.5073223039215686	0.08321811637462734	0.5414177389705883	0.052242201958325296	0.4863664215686271	0.08470575435099022	0.5000651041666665	0.05547910117257467	0.5080817512190062	0.07333739305507954	0.521302148040116	0.0715894579043383	0.0
0.3809504357298477	0.052237456437017625	0.3839460784313728	0.07249244355147821	0.3386437908496734	0.04419527129585809	0.3312568082788672	0.05734137236185442	0.3582368030960688	0.062454079780948905	0.38447058823529434	0.041158510771186825	0.0
0.4683873549419768	0.05042765312696329	0.47084833933573433	0.049880336902939304	0.4334733893557423	0.061093619368850924	0.4556222488995599	0.06897399411147413	0.4549180989268132	0.05923774788312941	0.49504139433551203	0.06670090752096734	0.0
0.42226988017429196	0.0702116661213426	0.41691176470588254	0.07629305906201472	0.4089733115468412	0.0568120207003997	0.37514978213507644	0.047745112140817905	0.4041239492628198	0.06482891271910703	0.449587450980392	0.06672526215628248	0.0
0.4093368095160501	0.04892121305413111	0.42317093042203036	0.05385677512278722	0.3798680136874696	0.04377784207870729	0.37623974797675314	0.049116179143916056	0.39637542483660143	0.052044345755919826	0.4195743254566783	0.059009586120062546	0.0
0.41586419066681507	0.05828949287517316	0.41970019892014787	0.06556508776458234	0.38511295822676916	0.04975823752593074	0.36249148965141625	0.05157055985342783	0.39510586058911956	0.06116053542666403	0.4172023540063378	0.06339542493738709	0.0
0.4319051077221013	0.04791707338137102	0.3767973856209151	0.053114465330721096	0.3932098765432098	0.08826197048166476	0.3840474461389494	0.07147919948830404	0.39478511404561845	0.06892857559264558	0.43250230840258547	0.075074695821109	0.0
0.4140305010893242	0.053535423846346825	0.40567401960784294	0.06544191323562838	0.3608374183006536	0.07597355514549459	0.36255361519607815	0.06868786162853545	0.38410716073583406	0.07049234696133731	0.4243986043949314	0.07600851153738773	0.0
0.3750694984988326	0.048546600134894397	0.38049779458097055	0.053323588819952764	0.3524882779198638	0.043192831349764496	0.3622797669792557	0.045024212199342384	0.367072817547201	0.04864699069422417	0.38314204812753544	0.04593633858937715	0.0
0.3959508063580463	0.04784463348105485	0.3890971773324715	0.04890794740899316	0.35655569920275826	0.048661156638758245	0.37076330532212903	0.0482772908240765	0.3766786030895094	0.04986221220600681	0.3890368218618038	0.05931144091314903	0.0
0.418344645550528	0.04703405860497246	0.4270100939784197	0.04875204688132289	0.41265663069961717	0.04425649370277485	0.4237658080983873	0.042443604677178254	0.42020186338273646	0.04569124508153005	0.4413754109689443	0.045806128873514956	0.0
0.38008048898571795	0.05807828461661539	0.3968681917211331	0.05529921682567297	0.3347040668119101	0.05320263158498175	0.3653261922052774	0.056350737684609464	0.3687456970489051	0.05980969743432777	0.36732694538735894	0.06559481542978822	0.0
0.4285539215686273	0.08217360235182518	0.46531862745098046	0.081585095046075	0.4020526960784315	0.0725665198610958	0.4471354166666666	0.07489002416758311	0.4330007549325656	0.08027782981284982	0.5049053531447183	0.07271299195034675	0.0
0.37856706696519454	0.05282471112553878	0.37847208087387224	0.053111688542433706	0.3517504579686548	0.03987968957027398	0.35142818373023965	0.04665930161893077	0.3642262786157013	0.049376557083939655	0.37976790716286535	0.053619141783291885	0.0
0.4907872872610239	0.06357839295796656	0.4943008255933952	0.07276887067312379	0.4504354990583804	0.07933320559648784	0.4510951116557734	0.08608395438247368	0.4713611530750267	0.0788245388402076	0.4765829953786257	0.06931718374436525	1.0
0.4163968546338384	0.05486853188641538	0.37802619918023694	0.037743115836826255	0.3873197075440344	0.04841612079327277	0.3677034313725489	0.03740196418645851	0.38718328685245734	0.04866912198325342	0.3768178551697494	0.039174523573117716	1.0
0.3802973371084828	0.0420309832642857	0.36401906135921497	0.039921977582947604	0.3736090972031719	0.04860199649342699	0.35224945234009963	0.04594810206997084	0.3673852692245556	0.045425114872416364	0.3690900896498175	0.0461434232883207	1.0
0.5073697916666666	0.055778989736044594	0.48586511527688003	0.04522262845464831	0.4873647856271695	0.051970323926955046	0.4568040654997178	0.06346040155087111	0.4841843714649322	0.057454260600862186	0.5012293579799301	0.04652617861961141	1.0
0.4275517056137522	0.07617814288616777	0.4024674881368072	0.06998789463717324	0.4871789295428316	0.06704290804164957	0.4792322484549374	0.06611524220455786	0.4490793269793901	0.07830879556168838	0.4180430316052061	0.08061340466220025	1.0
0.4933489204173087	0.05500173548368088	0.44943616188080027	0.06180962558260161	0.4993710028814392	0.05578861553777326	0.47869847097324203	0.06561470379000506	0.48017752130722474	0.062818538006553	0.47968460680081915	0.055578894798465166	1.0
0.4950189376227438	0.055607291342492565	0.4095504052390796	0.03951132475736757	0.4797630403512756	0.06631127412414105	0.39572349745267255	0.04188854547177425	0.4448857724190485	0.06746075538879878	0.4335490367725731	0.052860229691228	1.0
0.42902089488763523	0.058732573821876036	0.38837015399767205	0.03892905433001048	0.4780807928194107	0.05812280974795828	0.3887439564867041	0.04134572146773554	0.4210695501460329	0.062223365699556464	0.42318315642408144	0.06344387269998239	1.0
0.44654653940784245	0.07930793169138207	0.4494603782106902	0.07345056556995415	0.488418139533041	0.05540773808841799	0.45846813973114	0.06146529608196421	0.46066392453781146	0.07012861961458727	0.4664768031907991	0.06432858388969856	1.0
0.4838760550982662	0.05768786324831353	0.3996362447590187	0.0676688679639886	0.4949184071376478	0.050961768989365025	0.42290663718947363	0.05602192327823678	0.4500165043304218	0.07088447891587389	0.44657638557484436	0.07079794386645834	1.0
0.39259731833909994	0.0408025877969264	0.3949299719887957	0.0401262612531123	0.3886143376071442	0.04243831105670848	0.389781838046422	0.0420480709729486	0.39145985401459865	0.04140832475119219	0.399529053307534	0.0413033842090685	1.0
0.3674928269578052	0.03992397422961892	0.3641210387848456	0.04113015652044208	0.37515074847143176	0.04219974239600608	0.36883065228416284	0.03751263885785534	0.3689391014814459	0.040427750708443844	0.3677866857105613	0.04111270400216942	1.0
0.5055071021156247	0.05686045116870068	0.49113333649334023	0.06097677465971145	0.49812560768920233	0.06071793099821553	0.5059725147769594	0.05763570903437667	0.5002330190212328	0.05940441394602065	0.5002122486421469	0.05777615319472973	1.0
0.48996851459627283	0.058744058385256384	0.4876050983547078	0.047464175495331336	0.46178794539109314	0.06496861321087512	0.45605695760494497	0.060717060765052594	0.4737706850625137	0.060292009692734266	0.4711307211234973	0.057167996137161003	1.0
0.4800102692468148	0.051607644106019555	0.45712466183054407	0.053414994962102696	0.4836350046143537	0.05107212418596017	0.506608254974268	0.05456987462827115	0.4818893588249678	0.05555472666455981	0.48300360573972295	0.052418700951320965	1.0
0.45473700802784894	0.06257103965245901	0.4544822276736782	0.06475326260280109	0.4877242291844274	0.05372837096962727	0.5066348278441811	0.047183589050163476	0.47586270661926305	0.061689029567988954	0.4789836045870007	0.06082877592124846	1.0
0.48358145727426766	0.06212309130453205	0.49387666177582135	0.055619033499367296	0.4900798603574271	0.06430482624008765	0.4927494244930444	0.04821218179308581	0.4900439492626833	0.057963401881561884	0.5006533461332188	0.06052126235744692	1.0
0.48594247667914503	0.053927267107913415	0.502368231170973	0.05460484768856264	0.47108447513372254	0.06027091565866789	0.492438440492476	0.06000209285699528	0.48797548349619474	0.05840404000424465	0.49357332385435393	0.06025613379343286	1.0
0.491761269083279	0.05386474136870157	0.4816729743367935	0.05112887598484473	0.4925021058489452	0.06050166392377245	0.4535511626582368	0.06198697273124899	0.47995441719123066	0.059230461240546796	0.468996454670429	0.060460457660311974	1.0
0.49139108983726065	0.050010412513976595	0.4779779779779778	0.05027024148602863	0.49048066251173905	0.05137091133288852	0.49628316853807036	0.04490610466462988	0.4890001385561873	0.04971735916508135	0.49211322858381673	0.04530730071018628	1.0
0.4643978432213725	0.05878733867175023	0.48505547564371093	0.051902553949101676	0.5018272541991706	0.047477874639674754	0.5074261484761169	0.050589685992977224	0.4896978487744834	0.05495846439000665	0.49154531996806466	0.05333076906369483	1.0
0.5052445234608423	0.04548474798915159	0.4913918255474232	0.04956754495791744	0.4805526507948653	0.05584312808539267	0.46985331565781396	0.05592501314283798	0.4867966163506961	0.05353982321198961	0.4831857337047648	0.046346445693026435	1.0
0.4987712418300654	0.04998556342796599	0.4681523789188995	0.05794525871948065	0.49482533243182325	0.04290323430554269	0.49557844916551	0.046045008927891276	0.489305607353412	0.0510427278569536	0.4951610084033613	0.04495200907606397	1.0
0.4429910311351797	0.06502876910643857	0.45191761010312054	0.06926646102804372	0.4763827394757186	0.05396264160575608	0.43618648534682686	0.06356391925302597	0.45193420068670476	0.0650392502236917	0.43989168583634575	0.06266414687434585	1.0
0.44550116099071196	0.07944781175589939	0.4759315568332595	0.06816451941450791	0.479799870045484	0.07804011809005722	0.48179428964568277	0.07737751946493454	0.4708475240316391	0.07732074736044517	0.4693950175239176	0.07600230984077401	1.0
0.3769849591648901	0.05981198039287253	0.4954933805568177	0.07476387842815015	0.40706280344436535	0.07437448692090899	0.45909284987026644	0.07767051549529802	0.43490160954664	0.0853713665600188	0.3836836954618899	0.056348623640522434	1.0
0.5239301977418752	0.054298826189987874	0.5007638078919934	0.06839681719587103	0.5049913708855759	0.05494224505332436	0.5226935238036258	0.05443037012562375	0.513048214454864	0.05930082877156772	0.526715825200802	0.05426644727194584	1.0
0.4002580599547513	0.08186371048715102	0.4854160283905229	0.07129312512782991	0.47482896290403726	0.08060588506333831	0.4199336868340074	0.08139015332672636	0.445173748585973	0.08671267942603185	0.42558937972076	0.08687154965762947	1.0
0.37227532679738534	0.058049604355507683	0.3704446532909946	0.05551748331175638	0.3572440888119952	0.045961675678893865	0.3563743289617955	0.048884450384001445	0.3641510143642802	0.05289505475517864	0.35493447695667557	0.041273017733509325	1.0
0.4264527258066164	0.080013127673066	0.3791351504482084	0.0651655856044415	0.475846015060788	0.060983359480953264	0.5005558271323303	0.06019981676616463	0.4454767737391677	0.08170876862980338	0.470439269529322	0.0738578349294285	1.0
0.4399036491749399	0.06662759410495687	0.4801061537233618	0.07576510669064072	0.4681921680353054	0.06448850004586962	0.4947210668779296	0.053656932924373575	0.47085162423178223	0.06864588857616245	0.4732454112546913	0.05827228437667068	1.0
0.4669182241734982	0.08951712802162047	0.35235806740997067	0.058549619668115095	0.4909327073938079	0.05955769800148939	0.41935709767778095	0.07602150273980121	0.4326440935983825	0.08933567858264516	0.421815256166983	0.09016933433817978	1.0
0.49530522525050574	0.056461006385894394	0.3962860478934352	0.052176558993244526	0.5099001263707147	0.061729374242985906	0.43413260472084014	0.06555401204895915	0.4585461461902175	0.07499422981309944	0.4691449676631536	0.07267297508215972	1.0
0.5003155920613226	0.05286959517426825	0.5031324671445639	0.0654302233657368	0.4376154668860552	0.05298084177658791	0.415529411764706	0.05410703351221202	0.4639509051985333	0.06842967474336219	0.46460924173865353	0.07196596084649316	1.0
0.5217449910403854	0.061021033229248754	0.5156510088978479	0.056303037670543746	0.5250618134618891	0.055037428458172825	0.5193948767912964	0.0530950576542124	0.5204501822054797	0.05654426719761037	0.5203270211781431	0.05755597321563503	1.0
0.5094905379992373	0.053538024124583014	0.49548204258229106	0.0710317532619565	0.5023007821252338	0.05064036500006585	0.5049062596072179	0.0603138181991211	0.5030004971781314	0.05962452950074812	0.5122078367687513	0.06214672114284758	1.0
0.5201065445728634	0.053118334850932356	0.5053329787437947	0.0586840578151928	0.5177842226822303	0.05479204337292838	0.5108904509995592	0.05716445082672958	0.5135180600219447	0.05627626180701807	0.5149346968008629	0.052081307197379155	1.0
0.4640779947036285	0.05270500544510062	0.4640802836939374	0.06414001068762577	0.4844696890487442	0.06587036924529961	0.5395110586004755	0.057545211715576125	0.4881675424990932	0.06777990670880042	0.4887124434823307	0.06878221368436202	1.0
0.45733006535947685	0.05733291440972584	0.41711837627612997	0.05574120803688045	0.46525913269872243	0.061643821243667005	0.507919723563099	0.06816922376921973	0.4620976647603484	0.06894527067100044	0.43591138042954203	0.05819881078084218	1.0
0.4784984747059899	0.05597951175435166	0.45947234372551654	0.05992567484300263	0.4584035345859067	0.0611767776287871	0.43318606868455056	0.05907942803530286	0.457291214089671	0.06126991342950703	0.45186722185054606	0.055950161951383734	1.0
0.42405785787292216	0.08264130034256295	0.5189943013831505	0.057296625202371956	0.519410149613465	0.0585805877199698	0.5025568886158092	0.060426172836315725	0.491286845346314	0.07641112248067419	0.5101822004692516	0.05549009585147081	1.0
0.29409543127595866	0.050587067959731224	0.322130365016332	0.06528662520524095	0.3223887332710862	0.052669949050983655	0.32620763967077143	0.05374923278964139	0.31637510382410333	0.05736433987230304	0.30972311001532077	0.05537125241252447	1.0
0.42830669901211277	0.06505098007258939	0.39268057183032595	0.07542324064042205	0.33822109925051114	0.07592532965399035	0.3461236642805272	0.07006955094913693	0.37616305754732454	0.08048734491042808	0.3898632080442543	0.06444990688246827	1.0
0.36484044598231463	0.06319740848206605	0.37103308928004297	0.06283611604883796	0.38457931980423343	0.06374437851276715	0.3464355705186156	0.06690763254718284	0.36681905895791617	0.06567001731967953	0.3686998934971523	0.06553660126739275	1.0
0.4224441216815946	0.06559365493141901	0.4554014362946826	0.07435265292773222	0.3472355629380872	0.06618954467101973	0.3199344399106073	0.058345661008482444	0.386274712468967	0.08612408677848049	0.38224828782950165	0.06718661800331092	1.0
0.42458755808047544	0.054731931938589405	0.4427627494873868	0.059974601700069	0.4227195360957624	0.05542729082072295	0.41993117221544074	0.0644540717453401	0.427402606198925	0.05946870512595239	0.4373267672161379	0.05357799463983241	1.0
0.3841018789345083	0.06465565983370151	0.3416469634130708	0.06434947288329299	0.4180107655597853	0.06349980152611127	0.38841933385916133	0.07465097822839847	0.38302213355159964	0.07232039404677801	0.3817429914764323	0.06860395324965939	1.0
0.4202569224261428	0.07595481785775583	0.3929595536317895	0.09669240215704492	0.44770037281622543	0.057582714090182556	0.36808171419119223	0.0731724605987383	0.4070367665899257	0.08261254936271922	0.45205368342623226	0.07376378259656492	1.0
0.41512827516148176	0.078748763927721	0.329149858270668	0.045803006709376315	0.40213188824387325	0.09276678589533068	0.3242501135926742	0.04653448169156352	0.3672387854358074	0.08039618766524582	0.3667732886581299	0.06053073434799505	1.0
0.41008564255379054	0.06911329299927306	0.33830799038983195	0.05177800983478289	0.48388416423196917	0.06698883990397442	0.42751029565431176	0.06342535753262425	0.41506683247690773	0.08192616524837733	0.406562367994593	0.0691047679200374	1.0
0.3957925206281609	0.06614762128396319	0.4044451035316089	0.06522302327807704	0.36356808376302235	0.06850100410205397	0.39412524699802415	0.061526856406451884	0.38948273421707974	0.06723258637507358	0.3925052282121427	0.06226657380939394	1.0
0.37649479544904363	0.07695905347577277	0.39069087388041607	0.07548614755211501	0.4786064857083507	0.06595380319861986	0.44406456241033004	0.0733517756138433	0.4225511232574006	0.08384577580621945	0.45827934854997887	0.07330600294395977	1.0
0.374420002160644	0.0795450001027383	0.30586923474624017	0.06267648837576517	0.4018450355348753	0.06346213534679052	0.3689328348419259	0.07695160558420357	0.3628453132917373	0.07927695352981602	0.34696043822276335	0.07745760242776865	1.0
0.38364058972658044	0.07735811991538052	0.4581495310576537	0.06744866106910322	0.34463217911278	0.07616912164113689	0.3931776279489147	0.08109109308784462	0.39483197276382165	0.08600690937285772	0.40304027702120365	0.06396663338552015	1.0
0.3642244992620706	0.04221134626735172	0.3572704753408884	0.04191900632365604	0.364866916979558	0.0424866070945466	0.3544500346548726	0.041209786950914165	0.36017874762808366	0.04217257851467154	0.3600297674112632	0.04160167377334023	1.0
0.3740618466189368	0.05494504440470558	0.4278807208259399	0.05490713984786076	0.36513703973704753	0.04037240734395902	0.40404321454374365	0.06434004595947547	0.39281220489426716	0.059737263276535564	0.3787198055457544	0.057268849502572945	1.0
0.46716895617232007	0.04795651486821801	0.4844143720599716	0.05002538291460144	0.4325959091233912	0.05457966861963757	0.44436649401389294	0.049905813247508965	0.4571758282082618	0.05452874418973042	0.46225386725505774	0.05129209324277822	1.0
0.3747017688194157	0.05738741042066396	0.39385728197002684	0.05750511048168641	0.34897120526532294	0.044861561780755226	0.36384150326797376	0.054091063811135265	0.37028775047740814	0.056131339866422485	0.3761766462919285	0.058532980703529726	1.0
0.4539759216229802	0.04300744391315476	0.44147277934042634	0.054520747666161294	0.4271128411651287	0.05980364222467447	0.37985164194314525	0.058649373183919655	0.42561465143978855	0.06124131500538598	0.4358256390977759	0.05353351470868772	1.0
0.4568932881617497	0.06872660058894706	0.44468500456136556	0.07213664966235409	0.4560893910409693	0.0828146602183104	0.49918888490355495	0.06658636794002273	0.4641520747702463	0.07572989195445956	0.4927832098986418	0.06784261100006979	1.0
0.46445040427518525	0.0636874969908376	0.5268142040295468	0.06143886102730547	0.4705027773821393	0.06866624584322656	0.5060452954860907	0.07512398976395296	0.4921589424961221	0.07209095569602024	0.4796135208458304	0.07662368397491966	1.0
0.4254387158921952	0.06998455052063844	0.47932433564383387	0.07034861360326808	0.4033163221204546	0.06739527179088405	0.5181513444736032	0.05943460079771162	0.4564834888513531	0.0807615844176083	0.47748345795252845	0.06719608810490058	1.0
0.4544849688736656	0.06494114997726583	0.5070608524267062	0.06699127319005029	0.4500658400615148	0.06619445387619827	0.5043329507412722	0.0612498816396379	0.4790648723558174	0.07019894671451125	0.48638505776130775	0.06359106064478438	1.0
0.4654858688302906	0.06928858404422938	0.5246061931621965	0.06196205694460621	0.4645679204976026	0.06808960753436631	0.4889766623583438	0.07851896106630506	0.48597453878102964	0.07387549814388086	0.47349568507364953	0.0783227284964283	1.0
0.43876523694363867	0.07115816187157635	0.41265172735760974	0.07279797671782363	0.4440861267130285	0.06870762862366833	0.40738492341904325	0.07536580184411673	0.42559926662176256	0.07374011800368264	0.4193386303257915	0.07195054722671797	1.0
0.4820738670359163	0.07180550726469134	0.42809666877503705	0.05767079383985997	0.4979722812819907	0.06466442296407174	0.44790613434128684	0.06505086134453901	0.46395299186254285	0.07060205632845452	0.453178948191767	0.06179638207721219	1.0
0.4801348800389721	0.07655380828234255	0.48082802012415504	0.07407579605296982	0.4796159330158056	0.07349355165732281	0.42327278600462415	0.07826175489823643	0.4659345454619004	0.0795919384692736	0.4177556482305651	0.062101731702441376	1.0
0.49744369495186497	0.06506916019445115	0.5128660177271288	0.06162241468813276	0.5158887707274804	0.0560337665561783	0.48935747996469064	0.06399300902888812	0.503895036042284	0.06272045756506625	0.5024483761040885	0.05988491951540073	1.0
0.5084169534309231	0.05286620298296567	0.5080405718894766	0.05540568447702573	0.4379561124398659	0.06041497570790759	0.3964635702128988	0.05254945467851708	0.46256397809444694	0.07322996484310172	0.4668648149902293	0.07183043653883377	1.0
0.5059467373024555	0.05129473368195328	0.5224773563238957	0.05241597311703063	0.4830840788357127	0.06340247940170864	0.5096195743254567	0.0594925221790051	0.5052425500481548	0.0586423383481231	0.5198370666745507	0.05187540699290944	1.0
0.41927342980202836	0.057931738956247536	0.42042582222153657	0.04847146539955032	0.4387169335819434	0.06580474256258055	0.4274029867958254	0.05166147068294217	0.42664244192300577	0.05694327584110091	0.40516915054962965	0.04052423729251285	1.0
0.5123971328407821	0.06077860920275419	0.4752476498365177	0.06883711630610415	0.46521935753024607	0.06512652246166144	0.4463542691150533	0.05588927131279455	0.4746914528472461	0.06728440685036056	0.45894360719150057	0.05978297204811874	1.0
0.5173021952915156	0.0638758482975123	0.5142990075884819	0.06517053167027007	0.5002950156566012	0.06403224299152961	0.4777907569647243	0.06372526452239802	0.5023414274371859	0.0660889075045023	0.5006890353733259	0.06652461353574136	1.0
0.5171168861817398	0.05947265878934242	0.5179759584542125	0.05941213881203276	0.5033385671274564	0.05844721735120138	0.5218687612634488	0.05946355526254443	0.5151138390996958	0.05962351196852202	0.5186125919591469	0.0586670486233301	1.0
0.5142133442005565	0.06052187345520354	0.5041004114311131	0.05739816683690082	0.5153018047135695	0.057666752660145475	0.4642305476832332	0.051663258621992156	0.4993820437874147	0.0606239115864992	0.5089066312595724	0.06141844757854306	1.0
0.4660250607043102	0.05385640359265973	0.46220681786661005	0.055156844996281734	0.4773044829957752	0.05788038658883758	0.5214143222127146	0.04948181030383019	0.48172870367440496	0.05907466665536267	0.4731076487313657	0.05161876559091679	1.0
0.47824650663708806	0.047545097441010875	0.461934879642914	0.04486745125818698	0.4599660811239848	0.04393636639242363	0.4842134943408257	0.0487636371721627	0.47109973329140975	0.04748338676117655	0.46496342565546717	0.04534470049308828	1.0
0.5173149796699952	0.0645275024564384	0.5055590633478656	0.06358790196529049	0.49250588235294124	0.06571256396222211	0.4587191443850267	0.05425839320916661	0.4934134193397214	0.06589922447249796	0.494163003363847	0.06637707003458797	1.0
0.4783392489616839	0.052398185768755885	0.46813047657780876	0.04653103636363117	0.4739413490097484	0.05236828539484713	0.4626070667110336	0.046529668366515405	0.4707626101947094	0.049927492024014905	0.4732960066492877	0.04685666578315008	1.0
0.5036333875113832	0.06187067412153147	0.4576474622770916	0.048190966628255436	0.5227037728671717	0.053261977664188984	0.4993781051515256	0.056576785566086134	0.49584793261773663	0.060141337857571475	0.4993494243601446	0.06226900423880786	1.0
0.5221647112951461	0.054098071520316246	0.5192607477773719	0.0516655920574188	0.5155092310676284	0.06177549443749871	0.5098208365471792	0.06435684778570978	0.5167733770799157	0.05840093968600837	0.5039718850209319	0.06208831818697703	1.0
0.463506851604278	0.04670608571051555	0.46970741421568624	0.05497857521745596	0.46488070752776617	0.04809217916641875	0.46946832579185505	0.05638609987643345	0.46687533705157863	0.05178875750921357	0.4691470807216593	0.05174009234021397	1.0
0.5045410722428507	0.061402408113712385	0.5054322638146168	0.059581082406666847	0.5176526777359242	0.05738039580717838	0.5232894881347628	0.050513388278592745	0.5127082355100036	0.05790581563442148	0.521996524272944	0.06081766987858148	1.0
0.5125576651015932	0.054488182243354374	0.508676538482429	0.05188018108105494	0.5149262911856971	0.05221111118566864	0.4895247745912769	0.05271819429540348	0.506389466371647	0.053786860726032136	0.5059848776111752	0.05113123496383667	1.0
0.5147516803746239	0.06130175441201871	0.5323964499352448	0.05480653354725879	0.5093914785745319	0.05209414567765968	0.4908202748948803	0.05610681517832469	0.5117407258023302	0.05811661147268682	0.5234773363135082	0.052062141904015986	1.0
0.5004039672863964	0.060828266028560236	0.5098396375896608	0.06224501482089164	0.48490802506569614	0.0543150142139534	0.5172553288460163	0.058207863893412384	0.5031286828202782	0.06019943421999627	0.5066707887168245	0.05671737607274645	1.0
0.49517493669653295	0.0659268902261806	0.4894632030443757	0.06367116408707416	0.5212727617791896	0.06263396483230135	0.5301162975311583	0.07154127297194215	0.508980742811207	0.06820858824551275	0.5241240189283783	0.06504970278774948	1.0
0.5011772356001224	0.07585581815577605	0.5247073070295103	0.06471136618161552	0.5053804855275444	0.06368886443620714	0.5015751458341872	0.057303173337408427	0.5083106707056286	0.06643268762605245	0.49641552993612953	0.06534672785476581	1.0
0.5433713731157204	0.0575404068192476	0.542475871629221	0.05990666496984398	0.5467763973405456	0.05787168461329505	0.5288046323746122	0.056063497893770214	0.5403527180380824	0.05832487995817154	0.5324800689506574	0.056990563515005754	1.0
0.4924486852861395	0.0670542867496853	0.48563596441723506	0.06929226797155524	0.4906542701274922	0.06345333955365465	0.5017914370622583	0.06375103330307755	0.49272871090663106	0.06621844799701496	0.49936950826658644	0.06092557429544388	1.0
0.5325605485341794	0.061058271758700954	0.5374206440507537	0.059054984395986956	0.5110614847176713	0.06545627466953106	0.5118232908113268	0.05895723454457626	0.5232939163272778	0.062310632707575864	0.5183829533773332	0.06020150317221867	1.0
0.5224147497142605	0.057584533496493326	0.481085699701499	0.06166139917523194	0.5425813109624158	0.0564228865493319	0.4976524961993852	0.06494144952428027	0.5110075505705681	0.0646406627896008	0.5079139300937767	0.059044239598597816	1.0
0.49506442747001717	0.07700566767007685	0.532327168358008	0.07156075287821663	0.5267071019228948	0.06564464656528013	0.5285468628179626	0.07312227508218243	0.5206594193719951	0.07347170964867666	0.5371147987337842	0.06444789465544501	1.0
0.5258389395644297	0.05391675235686657	0.4610713253603481	0.0662139169072248	0.54140522875817	0.058764868599792554	0.4647522000926354	0.06505253487883139	0.4982129888992634	0.07101310071246451	0.4993416546913536	0.0569219348553802	1.0
0.41174770128802063	0.05735133400334686	0.438006505030268	0.06147643300480762	0.38625515995872034	0.049563903186491384	0.41435819942011876	0.05853131104409581	0.4125638088839849	0.05975789223570072	0.4217692125545191	0.06222483558496136	1.0
0.4010424682693588	0.04804275704464199	0.4402453832211615	0.06837441596440615	0.4459343157552873	0.06243898283809791	0.4893814252043528	0.06558909748704876	0.44452381272070546	0.06911480462617686	0.4403442942948684	0.0715152653743339	1.0
0.4872269417475727	0.06995398768297185	0.540381944905606	0.07745346998790464	0.5138734962584067	0.06184052739384463	0.5212873929858804	0.06531469511595023	0.5158068529292785	0.07149388046895136	0.5110523676197065	0.06296326500008674	1.0
0.48327363268539725	0.07270356087930738	0.4482876750700278	0.05916253298345132	0.47816134278437494	0.05988580478914701	0.4499792874896435	0.06051003758554683	0.46483634756609404	0.06526313437604137	0.4792157424614661	0.0654083225875113	1.0
0.4723613847452854	0.05999181331718461	0.4530239368474661	0.051436296285419354	0.43107327141382834	0.03778978075740632	0.4240194663724073	0.0429891496400168	0.4449993586491984	0.05236043670207777	0.4392254143741252	0.038287229090683675	1.0
0.4765835552327926	0.06833279178820219	0.44123165213552573	0.06391871281220138	0.49260045993706125	0.0686396130521976	0.45468316594930636	0.058988208857677096	0.46619778681308166	0.06803599029367426	0.4666014766437304	0.06251853011038327	1.0
