[
    
    ,
    
    ,
    
    ,
    [
        1.0 51.0 211.0 25.629999;
        2.0 84.0 349.0 18.6;
        4.0 208.0 396.0 9.22;
        4.0 193.0 382.0 7.07;
        3.0 54.0 444.0 20.59;
        3.0 448.0 260.0 20.59;
        4.0 461.0 73.0 5.0;
        4.0 92.0 485.0 7.0;
        1.0 233.0 467.0 25.610001;
        1.0 372.0 713.0 21.02;
        1.0 417.0 716.0 32.200001;
        2.0 323.0 707.0 18.110001;
        2.0 295.0 712.0 18.110001;
        3.0 121.0 636.0 17.030001;
        1.0 317.0 873.0 26.83;
        1.0 149.0 830.0 20.02;
        3.0 240.0 823.0 17.799999;
        3.0 364.0 944.0 20.620001;
        3.0 280.0 992.0 25.610001;
        3.0 507.0 942.0 21.02;
        2.0 537.0 856.0 20.0;
        3.0 571.0 845.0 20.0;
        4.0 446.0 837.0 5.83;
        2.0 714.0 938.0 24.0;
        3.0 929.0 874.0 26.02;
        4.0 585.0 507.0 13.34;
        3.0 709.0 116.0 29.27;
        3.0 551.0 476.0 29.27
    ]
    ,
    [
        1.0 831.0 347.0 17.0
    ]
    ,
    [
        4.0 971.0 110.0 5.39;
        3.0 959.0 148.0 26.0;
        3.0 536.0 149.0 21.19;
        4.0 733.0 147.0 2.24;
        4.0 940.0 496.0 7.81;
        4.0 190.0 11.0 6.4;
        4.0 30.0 323.0 12.73
    ]
    ,
    [
        3.0 88.0 235.0 19.1;
        4.0 278.0 214.0 2.0;
        2.0 248.0 528.0 36.77;
        1.0 399.0 541.0 15.23;
        4.0 258.0 696.0 4.24;
        4.0 633.0 773.0 4.24;
        4.0 233.0 787.0 4.24;
        3.0 661.0 819.0 29.53;
        2.0 753.0 648.0 14.76;
        2.0 729.0 598.0 10.63;
        4.0 928.0 830.0 3.0;
        4.0 555.0 615.0 3.0;
        4.0 548.0 577.0 3.0;
        3.0 784.0 736.0 27.2
    ]
    ,
    [
        1.0 185.0 24.0 24.6;
        2.0 520.0 49.0 19.31;
        2.0 524.0 681.0 16.4;
        2.0 492.0 716.0 29.73;
        2.0 143.0 698.0 34.41;
        2.0 428.0 650.0 29.21;
        2.0 350.0 763.0 19.1;
        2.0 450.0 787.0 19.1;
        3.0 493.0 552.0 46.82;
        4.0 173.0 309.0 5.66;
        4.0 179.0 488.0 7.81;
        4.0 24.0 742.0 6.71;
        4.0 229.0 553.0 6.71;
        4.0 51.0 722.0 4.12;
        4.0 122.0 327.0 4.12;
        4.0 343.0 331.0 4.12;
        4.0 211.0 615.0 4.12;
        4.0 301.0 328.0 4.12;
        4.0 513.0 770.0 4.12;
        4.0 283.0 814.0 7.21;
        3.0 438.0 693.0 31.02;
        3.0 480.0 490.0 31.02;
        2.0 664.0 914.0 31.62;
        4.0 927.0 930.0 5.1;
        4.0 782.0 857.0 5.0;
        4.0 712.0 526.0 5.0;
        3.0 824.0 741.0 31.24;
        3.0 753.0 658.0 31.24;
        4.0 51.0 69.0 5.66;
        4.0 73.0 185.0 5.66;
        4.0 100.0 46.0 5.66;
        4.0 259.0 267.0 9.43;
        4.0 264.0 282.0 9.43;
        4.0 312.0 140.0 3.16;
        3.0 376.0 250.0 30.0;
        3.0 946.0 590.0 30.0;
        3.0 464.0 930.0 30.0;
        4.0 605.0 293.0 5.39
    ]
    ,
    [
        2.0 427.0 212.0 25.81;
        2.0 169.0 395.0 24.21;
        2.0 589.0 735.0 26.57;
        2.0 885.0 967.0 26.57;
        3.0 813.0 592.0 23.6;
        3.0 957.0 410.0 28.18;
        3.0 731.0 302.0 28.18;
        3.0 501.0 560.0 28.18;
        4.0 545.0 456.0 3.0;
        4.0 414.0 803.0 3.0;
        4.0 693.0 884.0 3.0;
        3.0 198.0 510.0 30.0;
        3.0 424.0 392.0 20.59;
        3.0 178.0 240.0 24.08
    ]
    ,
    [
        4.0 107.0 24.0 3.61;
        3.0 751.0 554.0 32.76;
        2.0 749.0 610.0 23.32;
        2.0 843.0 1000.0 27.59;
        3.0 759.0 836.0 27.02;
        3.0 651.0 779.0 38.29;
        3.0 870.0 834.0 28.23;
        3.0 814.0 891.0 28.23
    ]
    ,
    [
        3.0 553.0 132.0 16.64;
        3.0 119.0 631.0 15.0
    ]
    ,
    [
        4.0 466.0 446.0 4.47;
        3.0 99.0 286.0 13.6;
        4.0 345.0 647.0 4.47;
        3.0 967.0 633.0 19.85;
        1.0 923.0 708.0 23.32;
        4.0 744.0 766.0 7.07;
        2.0 806.0 608.0 22.2;
        2.0 835.0 623.0 22.2;
        3.0 873.0 629.0 16.28;
        4.0 276.0 848.0 6.32;
        4.0 91.0 1014.0 5.0;
        4.0 911.0 912.0 2.83;
        4.0 919.0 915.0 2.83;
        3.0 752.0 717.0 20.62;
        3.0 47.0 869.0 25.46
    ]
    ,
    [
        2.0 711.0 149.0 13.45;
        2.0 708.0 77.0 14.21;
        4.0 877.0 107.0 6.4;
        4.0 731.0 272.0 4.24;
        4.0 411.0 344.0 4.24;
        4.0 120.0 47.0 4.24;
        4.0 377.0 109.0 4.24;
        3.0 115.0 840.0 21.93;
        4.0 957.0 829.0 4.24;
        4.0 162.0 909.0 6.4;
        2.0 391.0 945.0 21.02;
        2.0 419.0 967.0 22.83;
        4.0 958.0 890.0 5.83
    ]
    ,
    [
        3.0 604.0 606.0 43.93;
        2.0 152.0 320.0 43.93;
        3.0 888.0 792.0 58.82;
        4.0 759.0 197.0 5.0;
        4.0 982.0 375.0 5.0;
        4.0 887.0 97.0 5.0;
        4.0 669.0 27.0 3.16;
        3.0 681.0 495.0 22.67
    ]
    ,
    [
        2.0 145.0 185.0 38.42;
        1.0 190.0 426.0 29.21;
        1.0 265.0 472.0 36.07;
        2.0 141.0 376.0 20.62;
        2.0 327.0 461.0 20.62;
        4.0 229.0 9.0 9.0;
        4.0 153.0 51.0 5.0;
        3.0 224.0 189.0 21.26;
        3.0 354.0 214.0 14.87;
        4.0 371.0 42.0 4.47;
        1.0 563.0 526.0 17.72;
        4.0 660.0 335.0 5.39;
        2.0 392.0 604.0 17.2;
        2.0 358.0 593.0 25.3;
        4.0 202.0 503.0 4.24;
        4.0 248.0 525.0 4.24;
        4.0 468.0 758.0 15.62;
        3.0 345.0 840.0 27.31;
        3.0 284.0 633.0 21.19;
        3.0 231.0 652.0 14.87;
        3.0 395.0 718.0 14.87;
        2.0 233.0 596.0 6.32;
        4.0 858.0 749.0 4.24;
        4.0 783.0 938.0 4.24;
        4.0 831.0 539.0 4.24;
        3.0 642.0 971.0 23.85;
        3.0 680.0 776.0 23.85;
        4.0 723.0 263.0 7.62;
        3.0 744.0 789.0 26.4;
        4.0 542.0 786.0 2.83;
        4.0 587.0 798.0 2.83;
        4.0 535.0 807.0 2.83
    ]
    ,
    [
        1.0 752.0 918.0 34.18;
        2.0 602.0 486.0 31.3;
        3.0 384.0 908.0 27.2;
        3.0 258.0 708.0 27.2;
        2.0 66.0 820.0 16.55;
        2.0 994.0 677.0 16.55;
        1.0 1010.0 485.0 16.55;
        3.0 990.0 202.0 21.26
    ]
    ,
    [
        4.0 828.0 631.0 6.0;
        3.0 972.0 536.0 33.12
    ]
    ,
    [
        3.0 350.0 137.0 19.72;
        4.0 196.0 51.0 5.0;
        2.0 691.0 512.0 16.28;
        3.0 861.0 520.0 21.26;
        2.0 684.0 530.0 18.03;
        2.0 701.0 561.0 13.45;
        4.0 707.0 608.0 2.83;
        4.0 766.0 678.0 2.83;
        4.0 723.0 687.0 2.83;
        4.0 753.0 695.0 2.83;
        4.0 768.0 730.0 2.83;
        4.0 776.0 760.0 2.83;
        4.0 774.0 794.0 2.83;
        4.0 783.0 820.0 2.83;
        4.0 791.0 602.0 2.83;
        4.0 381.0 875.0 2.83;
        4.0 330.0 971.0 2.83;
        4.0 350.0 958.0 2.83;
        4.0 334.0 1007.0 2.83;
        4.0 399.0 935.0 2.83;
        4.0 395.0 981.0 2.83;
        4.0 398.0 1020.0 2.83;
        4.0 374.0 1003.0 2.83;
        4.0 434.0 994.0 2.83;
        4.0 254.0 1008.0 2.83;
        3.0 59.0 926.0 19.21;
        4.0 102.0 964.0 2.83;
        4.0 287.0 847.0 6.4;
        4.0 752.0 859.0 2.83;
        4.0 791.0 909.0 4.12;
        4.0 844.0 964.0 4.12
    ]
    ,
    [
        2.0 96.0 850.0 26.63;
        2.0 383.0 854.0 22.2;
        2.0 101.0 783.0 22.2;
        2.0 337.0 748.0 17.03;
        3.0 174.0 768.0 26.4;
        4.0 195.0 599.0 4.24;
        4.0 412.0 759.0 7.07;
        4.0 153.0 251.0 5.0;
        4.0 626.0 142.0 5.0
    ]
    ,
    [
        3.0 550.0 82.0 21.93;
        1.0 421.0 186.0 13.6;
        2.0 441.0 355.0 19.21;
        4.0 439.0 160.0 6.32;
        4.0 622.0 704.0 3.16;
        4.0 631.0 501.0 5.1;
        3.0 109.0 536.0 17.69;
        3.0 529.0 827.0 23.43;
        4.0 1009.0 752.0 3.16;
        4.0 720.0 537.0 3.16;
        3.0 513.0 524.0 19.85;
        4.0 981.0 775.0 3.61;
        4.0 935.0 497.0 3.61
    ]
    ,
    [
        2.0 191.0 110.0 24.17;
        4.0 41.0 292.0 2.83
    ]
    ,
    [
        3.0 176.0 759.0 20.81;
        2.0 469.0 762.0 17.0;
        2.0 613.0 644.0 17.0;
        4.0 795.0 422.0 6.71;
        4.0 947.0 279.0 6.71;
        3.0 649.0 437.0 25.61;
        3.0 680.0 720.0 22.8;
        3.0 50.0 724.0 22.8
    ]
    ,
    [
        4.0 162.0 226.0 4.47;
        4.0 888.0 335.0 4.47;
        4.0 985.0 317.0 4.47;
        4.0 779.0 529.0 4.47;
        4.0 858.0 553.0 4.47;
        4.0 877.0 585.0 4.47;
        4.0 759.0 553.0 4.47;
        4.0 776.0 586.0 4.47;
        4.0 558.0 726.0 4.47;
        3.0 21.0 856.0 18.44;
        4.0 350.0 970.0 6.08;
        4.0 433.0 609.0 6.08;
        4.0 564.0 406.0 6.08;
        4.0 796.0 664.0 6.08;
        4.0 801.0 591.0 6.08;
        4.0 782.0 389.0 6.08
    ]
    ,
    [
        2.0 888.0 38.0 13.6;
        4.0 439.0 482.0 4.24;
        4.0 938.0 369.0 4.24;
        4.0 612.0 562.0 5.66;
        4.0 442.0 618.0 5.66;
        1.0 514.0 668.0 17.8;
        2.0 562.0 676.0 19.8;
        2.0 364.0 839.0 14.76;
        4.0 404.0 1009.0 7.07
    ]
    ,
    [
        4.0 218.0 125.0 5.66;
        4.0 332.0 106.0 2.24;
        4.0 504.0 875.0 4.24;
        4.0 692.0 846.0 4.12;
        4.0 362.0 137.0 6.4;
        4.0 161.0 62.0 3.61;
        4.0 241.0 557.0 3.61;
        4.0 507.0 1010.0 2.83;
        4.0 477.0 860.0 3.16;
        4.0 515.0 777.0 5.0;
        4.0 626.0 578.0 3.0;
        4.0 784.0 634.0 5.0;
        4.0 946.0 486.0 4.24;
        4.0 858.0 283.0 2.24;
        4.0 964.0 400.0 5.0;
        4.0 897.0 18.0 4.24;
        4.0 817.0 83.0 4.12
    ]
    ,
    [
        4.0 569.0 147.0 3.61;
        4.0 771.0 219.0 3.61;
        4.0 791.0 218.0 3.61;
        4.0 950.0 369.0 13.04;
        4.0 962.0 455.0 11.18;
        4.0 593.0 22.0 4.47;
        4.0 1002.0 187.0 5.83;
        3.0 656.0 616.0 20.0;
        1.0 777.0 754.0 20.0;
        1.0 909.0 700.0 36.77;
        2.0 969.0 707.0 29.15;
        4.0 547.0 689.0 5.83;
        4.0 520.0 358.0 5.83;
        4.0 1000.0 859.0 6.71;
        4.0 371.0 833.0 6.71;
        4.0 576.0 901.0 6.71;
        4.0 815.0 715.0 3.16;
        3.0 989.0 659.0 20.59;
        4.0 685.0 769.0 4.24;
        4.0 817.0 686.0 4.24;
        4.0 826.0 741.0 4.24;
        3.0 704.0 60.0 29.07;
        4.0 985.0 899.0 2.24;
        4.0 763.0 923.0 2.24
    ]
    ,
    [
        4.0 515.0 70.0 6.71;
        4.0 523.0 968.0 4.47;
        3.0 949.0 226.0 22.8;
        3.0 972.0 138.0 16.4
    ]
    ,
    [
        1.0 652.0 33.0 17.89;
        2.0 742.0 173.0 27.46;
        1.0 969.0 381.0 13.6;
        3.0 280.0 48.0 21.19;
        3.0 680.0 720.0 23.19;
        2.0 735.0 587.0 9.49;
        2.0 873.0 637.0 13.42;
        2.0 828.0 509.0 9.22;
        3.0 584.0 668.0 19.42;
        4.0 697.0 785.0 4.24;
        2.0 736.0 589.0 6.71
    ]
    ,
    [
        1.0 87.0 611.0 11.4;
        1.0 278.0 962.0 23.41;
        2.0 576.0 727.0 20.81;
        4.0 69.0 916.0 7.07;
        3.0 74.0 822.0 17.46;
        3.0 353.0 909.0 20.25;
        2.0 288.0 514.0 23.32;
        4.0 118.0 862.0 6.0
    ]
    ,
    [
        4.0 623.0 44.0 3.61;
        4.0 930.0 307.0 1.41;
        4.0 950.0 321.0 1.41;
        4.0 947.0 316.0 1.41;
        2.0 863.0 768.0 10.0;
        2.0 166.0 526.0 30.61;
        3.0 500.0 904.0 16.76;
        3.0 100.0 822.0 21.93;
        3.0 29.0 972.0 12.04;
        4.0 795.0 735.0 1.41
    ]
    ,
    [
        4.0 186.0 82.0 5.83;
        3.0 157.0 165.0 15.0;
        4.0 329.0 169.0 5.39;
        4.0 223.0 185.0 5.66;
        3.0 191.0 311.0 32.56;
        2.0 605.0 737.0 27.29;
        4.0 518.0 669.0 4.0;
        4.0 498.0 711.0 4.0;
        4.0 62.0 785.0 7.81;
        4.0 38.0 819.0 4.24;
        4.0 28.0 839.0 5.0;
        4.0 156.0 964.0 6.4;
        4.0 204.0 900.0 3.61;
        4.0 227.0 904.0 3.61;
        2.0 746.0 346.0 32.65;
        2.0 891.0 215.0 36.62;
        4.0 794.0 155.0 4.47
    ]
    ,
    [
        1.0 897.0 944.0 27.2;
        1.0 953.0 905.0 23.41;
        2.0 690.0 992.0 23.41;
        4.0 798.0 710.0 2.24;
        4.0 1009.0 821.0 2.24;
        4.0 753.0 791.0 2.24;
        4.0 571.0 486.0 2.24;
        4.0 552.0 471.0 2.24;
        4.0 932.0 308.0 2.24;
        4.0 375.0 353.0 2.24;
        4.0 375.0 344.0 2.24;
        4.0 380.0 337.0 2.24;
        4.0 569.0 510.0 2.24;
        4.0 665.0 347.0 2.24;
        3.0 764.0 361.0 21.95;
        4.0 754.0 102.0 2.0;
        4.0 853.0 96.0 2.0;
        4.0 924.0 118.0 2.0;
        4.0 1009.0 163.0 2.0;
        4.0 704.0 219.0 5.0;
        4.0 697.0 226.0 2.24;
        3.0 846.0 212.0 34.66
    ]
    ,
    [
        3.0 92.0 679.0 9.22;
        4.0 540.0 954.0 4.24;
        4.0 828.0 648.0 4.24;
        4.0 833.0 639.0 4.24
    ]
    ,
    [
        2.0 590.0 535.0 26.93;
        2.0 436.0 565.0 26.93;
        2.0 767.0 515.0 19.42;
        2.0 694.0 479.0 19.42;
        2.0 656.0 450.0 15.62;
        1.0 773.0 671.0 15.62;
        4.0 427.0 687.0 3.61;
        3.0 434.0 452.0 14.42;
        4.0 417.0 856.0 6.32;
        2.0 551.0 266.0 17.49
    ]
    ,
    [
        4.0 344.0 793.0 4.12;
        4.0 347.0 802.0 4.12;
        4.0 842.0 121.0 5.0;
        4.0 681.0 172.0 5.0;
        4.0 619.0 268.0 5.0;
        4.0 748.0 716.0 5.0
    ]
    ,
    [
        1.0 541.0 880.0 31.89;
        1.0 809.0 699.0 21.93;
        2.0 477.0 945.0 33.97;
        4.0 657.0 820.0 7.62;
        4.0 823.0 750.0 2.83;
        4.0 810.0 798.0 2.83;
        4.0 869.0 687.0 2.83;
        4.0 372.0 587.0 5.83;
        4.0 378.0 579.0 2.83;
        4.0 408.0 775.0 2.83;
        4.0 408.0 817.0 2.83;
        4.0 411.0 803.0 2.83;
        4.0 411.0 790.0 2.83;
        4.0 631.0 434.0 2.83;
        4.0 881.0 585.0 2.83;
        2.0 790.0 343.0 21.1;
        3.0 495.0 391.0 23.6;
        4.0 453.0 90.0 5.83
    ]
    ,
    [
        4.0 438.0 162.0 3.16;
        2.0 151.0 585.0 29.15;
        3.0 613.0 829.0 29.73;
        3.0 714.0 884.0 29.73;
        1.0 872.0 626.0 20.62;
        4.0 795.0 426.0 5.0;
        4.0 784.0 577.0 2.24
    ]
    ,
    [
        4.0 81.0 355.0 5.39;
        4.0 22.0 41.0 5.39;
        4.0 327.0 18.0 5.39;
        4.0 135.0 821.0 5.39;
        4.0 35.0 709.0 5.39;
        4.0 629.0 75.0 6.32;
        4.0 609.0 39.0 6.32;
        4.0 677.0 175.0 6.32;
        4.0 683.0 191.0 6.32
    ]
    ,
    [
        2.0 709.0 999.0 22.67;
        4.0 671.0 739.0 3.61;
        4.0 520.0 697.0 3.61;
        4.0 836.0 718.0 3.61;
        4.0 596.0 963.0 3.61;
        4.0 850.0 241.0 3.61;
        4.0 962.0 163.0 3.61;
        4.0 949.0 118.0 3.61;
        4.0 916.0 65.0 3.61;
        3.0 602.0 726.0 32.25
    ]
    ,
    [
        4.0 882.0 374.0 2.83;
        4.0 435.0 191.0 2.83;
        4.0 470.0 110.0 2.83;
        4.0 274.0 86.0 5.39;
        4.0 186.0 273.0 5.39;
        4.0 183.0 592.0 5.39
    ]
    ,
    [
        1.0 633.0 396.0 24.19;
        1.0 718.0 315.0 21.54;
        2.0 228.0 408.0 21.54;
        2.0 475.0 307.0 19.1;
        2.0 610.0 565.0 11.4;
        2.0 626.0 316.0 24.7;
        2.0 437.0 523.0 27.46;
        3.0 365.0 676.0 13.45;
        3.0 677.0 779.0 36.24;
        3.0 695.0 651.0 27.31;
        3.0 789.0 410.0 13.6;
        1.0 612.0 194.0 16.12;
        3.0 630.0 102.0 16.12;
        3.0 858.0 501.0 36.62;
        1.0 956.0 304.0 25.5;
        2.0 747.0 217.0 25.5;
        2.0 1010.0 517.0 20.25;
        2.0 127.0 706.0 20.25;
        3.0 613.0 782.0 24.04
    ]
    ,
    [
        3.0 81.0 673.0 16.64;
        4.0 857.0 709.0 4.12;
        4.0 737.0 250.0 3.16
    ]
    ,
    [
        1.0 284.0 109.0 22.2;
        2.0 552.0 143.0 55.11;
        1.0 112.0 912.0 22.2;
        1.0 269.0 891.0 24.04;
        2.0 387.0 913.0 24.04;
        2.0 247.0 957.0 30.61
    ]
    ,
    [
        3.0 123.0 276.0 19.92;
        4.0 845.0 332.0 4.12;
        4.0 369.0 675.0 4.12;
        4.0 377.0 670.0 2.0;
        3.0 208.0 757.0 54.59;
        2.0 127.0 878.0 23.26
    ]
    ,
    [
        3.0 354.0 202.0 11.18;
        4.0 488.0 62.0 4.12;
        4.0 477.0 36.0 4.24;
        3.0 578.0 200.0 8.49;
        3.0 381.0 396.0 11.66;
        4.0 437.0 22.0 4.47;
        4.0 421.0 25.0 2.0;
        4.0 432.0 12.0 2.24;
        3.0 555.0 146.0 10.82;
        3.0 171.0 607.0 11.18;
        3.0 99.0 284.0 21.1;
        3.0 135.0 283.0 23.43;
        3.0 708.0 26.0 23.43
    ]
    ,
    [
        3.0 367.0 120.0 19.42;
        3.0 248.0 421.0 43.01;
        4.0 200.0 172.0 2.83;
        3.0 419.0 348.0 12.04;
        1.0 587.0 325.0 30.41;
        1.0 658.0 271.0 20.22;
        3.0 614.0 171.0 26.93;
        3.0 533.0 58.0 31.11;
        2.0 560.0 477.0 11.18;
        3.0 692.0 271.0 17.8;
        2.0 779.0 61.0 22.02;
        2.0 813.0 422.0 22.02;
        2.0 959.0 600.0 25.5;
        2.0 847.0 571.0 25.5;
        4.0 894.0 621.0 3.16;
        4.0 933.0 639.0 2.83;
        4.0 941.0 643.0 4.0;
        4.0 950.0 648.0 3.61;
        3.0 252.0 663.0 38.59;
        2.0 1008.0 789.0 20.1
    ]
    ,
    [
        3.0 153.0 7.0 16.12;
        3.0 190.0 34.0 14.14;
        3.0 159.0 85.0 14.14;
        4.0 67.0 145.0 6.32;
        2.0 98.0 259.0 13.89;
        4.0 377.0 245.0 5.83;
        1.0 221.0 96.0 19.8;
        1.0 284.0 445.0 22.2;
        3.0 36.0 528.0 24.41;
        4.0 239.0 392.0 3.61;
        4.0 25.0 55.0 5.83;
        4.0 658.0 114.0 4.47;
        3.0 752.0 341.0 13.6;
        2.0 625.0 765.0 11.18;
        4.0 945.0 981.0 2.24;
        4.0 458.0 476.0 3.61;
        2.0 73.0 654.0 22.47;
        4.0 176.0 697.0 9.43;
        3.0 55.0 828.0 9.43;
        3.0 40.0 798.0 12.81;
        3.0 70.0 845.0 9.22;
        4.0 513.0 580.0 5.0;
        4.0 335.0 630.0 5.0;
        3.0 135.0 782.0 13.04
    ]
    ,
    [
        1.0 160.0 322.0 16.4;
        1.0 169.0 386.0 17.0;
        2.0 173.0 461.0 25.55;
        3.0 130.0 223.0 19.1;
        3.0 239.0 261.0 24.84;
        3.0 328.0 199.0 8.25;
        2.0 457.0 346.0 21.63;
        2.0 107.0 374.0 14.42;
        3.0 99.0 156.0 11.18;
        1.0 555.0 219.0 27.2;
        3.0 525.0 150.0 34.41;
        1.0 649.0 305.0 34.41;
        2.0 705.0 281.0 17.89;
        3.0 721.0 261.0 16.03;
        4.0 467.0 29.0 4.24;
        3.0 803.0 55.0 29.73;
        2.0 755.0 273.0 18.36;
        2.0 801.0 405.0 20.81;
        3.0 835.0 103.0 33.24;
        2.0 945.0 389.0 30.27;
        1.0 599.0 611.0 36.12;
        3.0 937.0 735.0 23.85;
        3.0 258.0 548.0 19.72;
        3.0 28.0 557.0 20.25;
        2.0 402.0 866.0 26.4;
        2.0 417.0 838.0 23.77;
        1.0 632.0 854.0 17.89;
        3.0 943.0 808.0 26.93;
        4.0 757.0 834.0 5.0;
        3.0 552.0 943.0 17.09
    ]
    ,
    [
        1.0 454.0 116.0 32.7;
        1.0 145.0 264.0 44.94;
        2.0 339.0 31.0 35.51;
        2.0 279.0 347.0 41.76;
        2.0 200.0 163.0 34.67;
        2.0 158.0 376.0 34.67;
        3.0 132.0 442.0 16.28;
        2.0 530.0 155.0 53.76;
        3.0 599.0 266.0 12.81;
        3.0 419.0 373.0 14.21;
        3.0 737.0 101.0 82.98;
        2.0 698.0 402.0 76.06;
        4.0 845.0 116.0 4.24;
        4.0 1017.0 34.0 5.0;
        4.0 1003.0 150.0 6.32;
        4.0 990.0 243.0 4.12;
        2.0 944.0 702.0 30.48;
        3.0 531.0 584.0 30.48;
        3.0 482.0 488.0 20.62;
        3.0 467.0 563.0 26.4;
        3.0 380.0 512.0 17.0;
        4.0 252.0 445.0 5.83;
        2.0 282.0 508.0 34.13;
        3.0 91.0 507.0 23.6;
        4.0 166.0 542.0 7.21;
        3.0 185.0 433.0 22.67;
        3.0 203.0 696.0 24.21;
        2.0 325.0 771.0 40.61;
        3.0 757.0 755.0 18.6;
        3.0 972.0 901.0 23.85;
        3.0 208.0 312.0 19.31;
        3.0 805.0 347.0 13.42;
        3.0 488.0 538.0 60.44
    ]
    ,
    [
        2.0 312.0 56.0 22.8;
        2.0 422.0 78.0 17.89;
        2.0 494.0 21.0 11.66;
        2.0 541.0 76.0 6.71;
        3.0 598.0 74.0 6.71;
        3.0 485.0 146.0 27.66;
        1.0 291.0 469.0 30.41;
        2.0 394.0 404.0 23.35;
        2.0 452.0 501.0 17.8;
        3.0 473.0 473.0 11.31;
        1.0 358.0 575.0 20.62;
        2.0 488.0 581.0 12.53;
        1.0 538.0 505.0 28.79;
        1.0 570.0 619.0 14.42;
        3.0 627.0 569.0 9.22;
        2.0 623.0 325.0 7.21;
        3.0 512.0 330.0 7.21;
        1.0 689.0 70.0 11.05;
        2.0 766.0 41.0 13.6;
        1.0 798.0 195.0 22.83;
        2.0 693.0 296.0 17.03;
        3.0 727.0 459.0 25.81;
        3.0 660.0 560.0 10.44;
        3.0 739.0 71.0 13.42;
        3.0 682.0 102.0 5.83;
        2.0 510.0 798.0 10.0;
        2.0 582.0 866.0 9.22;
        3.0 452.0 626.0 25.0;
        3.0 362.0 919.0 11.18;
        3.0 307.0 609.0 9.85;
        3.0 257.0 526.0 25.46;
        3.0 224.0 947.0 6.32;
        3.0 303.0 836.0 6.32
    ]
    ,
    [
        1.0 278.0 62.0 40.5;
        3.0 199.0 192.0 35.78;
        3.0 232.0 991.0 22.83
    ]
    ,
    [
        3.0 482.0 1006.0 9.22;
        4.0 135.0 746.0 3.61;
        4.0 81.0 812.0 4.24;
        4.0 77.0 884.0 5.66;
        4.0 84.0 874.0 3.61
    ]
    ,
    [
        3.0 61.0 70.0 22.83;
        2.0 101.0 220.0 22.83;
        2.0 132.0 174.0 20.59;
        2.0 123.0 143.0 10.63;
        3.0 95.0 273.0 10.63;
        2.0 512.0 132.0 19.85;
        2.0 577.0 748.0 24.19;
        3.0 79.0 561.0 17.03;
        3.0 102.0 441.0 22.36;
        3.0 242.0 453.0 19.1
    ]
    ,
    [
        1.0 18.0 135.0 21.59;
        2.0 59.0 207.0 22.36;
        3.0 535.0 181.0 32.65;
        2.0 146.0 370.0 16.16;
        3.0 833.0 396.0 21.21;
        2.0 647.0 947.0 21.21;
        4.0 880.0 736.0 5.0;
        4.0 551.0 862.0 3.16;
        4.0 542.0 849.0 2.24;
        4.0 991.0 675.0 4.12;
        4.0 751.0 937.0 3.61;
        2.0 279.0 675.0 22.2;
        1.0 373.0 992.0 27.59
    ]
    ,
    [
        1.0 223.0 411.0 41.11;
        2.0 325.0 348.0 26.42;
        2.0 255.0 346.0 19.8;
        3.0 141.0 461.0 24.7;
        2.0 70.0 394.0 24.7;
        3.0 93.0 330.0 20.62;
        3.0 136.0 425.0 13.04;
        3.0 336.0 10.0 15.62;
        1.0 710.0 284.0 13.6;
        4.0 943.0 401.0 3.61;
        3.0 817.0 759.0 20.52;
        2.0 552.0 777.0 15.52;
        3.0 40.0 637.0 23.26;
        3.0 46.0 907.0 16.12;
        3.0 255.0 993.0 30.81;
        4.0 428.0 1001.0 5.83
    ]
    ,
    [
        1.0 79.0 180.0 49.24;
        1.0 165.0 352.0 21.95;
        2.0 293.0 428.0 18.44;
        2.0 175.0 466.0 31.06;
        4.0 70.0 102.0 4.0;
        2.0 471.0 169.0 36.89;
        3.0 430.0 451.0 36.89;
        3.0 609.0 168.0 25.94;
        4.0 790.0 570.0 4.47;
        4.0 582.0 439.0 2.24;
        2.0 323.0 594.0 35.9;
        2.0 218.0 571.0 30.53;
        2.0 183.0 562.0 27.2;
        3.0 87.0 629.0 27.2;
        2.0 23.0 712.0 32.25;
        4.0 101.0 699.0 2.0;
        2.0 259.0 749.0 24.76;
        2.0 189.0 891.0 32.02;
        4.0 189.0 829.0 4.47;
        2.0 23.0 996.0 22.02;
        4.0 384.0 559.0 2.24;
        3.0 359.0 502.0 38.9;
        3.0 887.0 717.0 23.85;
        3.0 948.0 820.0 23.85
    ]
    ,
    [
        2.0 152.0 306.0 25.5;
        2.0 93.0 362.0 28.23;
        1.0 400.0 260.0 18.44;
        3.0 355.0 337.0 32.89;
        4.0 383.0 105.0 7.21;
        4.0 319.0 396.0 1.0;
        4.0 319.0 391.0 2.0;
        4.0 745.0 405.0 2.83;
        4.0 864.0 61.0 7.07;
        4.0 947.0 229.0 5.0;
        4.0 969.0 226.0 5.0;
        4.0 889.0 408.0 7.21;
        4.0 909.0 63.0 7.07;
        1.0 648.0 708.0 15.26;
        1.0 596.0 683.0 22.47;
        2.0 1000.0 572.0 35.0;
        3.0 678.0 731.0 19.21;
        3.0 829.0 574.0 34.44;
        4.0 785.0 690.0 4.47;
        4.0 780.0 697.0 3.16;
        4.0 746.0 619.0 3.61;
        4.0 707.0 573.0 5.83;
        2.0 510.0 753.0 14.76;
        1.0 193.0 537.0 14.76;
        1.0 460.0 607.0 28.02;
        3.0 329.0 604.0 34.93;
        4.0 693.0 945.0 6.4;
        4.0 715.0 968.0 7.81;
        4.0 604.0 747.0 5.39;
        4.0 679.0 834.0 4.12;
        3.0 874.0 894.0 23.26
    ]
    ,
    [
        3.0 253.0 113.0 23.85;
        3.0 151.0 256.0 15.62;
        2.0 79.0 243.0 21.93;
        3.0 64.0 264.0 21.93;
        3.0 189.0 267.0 23.09;
        3.0 243.0 428.0 15.65;
        3.0 109.0 258.0 12.53;
        3.0 56.0 54.0 12.53;
        3.0 468.0 442.0 23.6;
        3.0 70.0 335.0 23.35;
        3.0 94.0 318.0 23.35;
        4.0 221.0 264.0 4.12;
        4.0 709.0 30.0 11.18;
        3.0 743.0 420.0 26.63;
        2.0 548.0 711.0 15.26;
        4.0 427.0 626.0 14.14;
        4.0 478.0 584.0 9.22;
        4.0 475.0 643.0 7.21;
        4.0 323.0 717.0 5.39;
        4.0 402.0 731.0 4.12;
        4.0 290.0 598.0 3.16;
        4.0 259.0 635.0 4.47;
        4.0 261.0 667.0 3.16;
        2.0 365.0 814.0 26.08;
        3.0 339.0 808.0 13.04;
        3.0 387.0 995.0 24.08;
        3.0 434.0 991.0 24.08;
        4.0 773.0 878.0 6.08;
        4.0 804.0 836.0 7.07;
        4.0 1013.0 856.0 5.0;
        4.0 865.0 932.0 5.0;
        4.0 878.0 899.0 3.61
    ]
    ,
    [
        3.0 899.0 36.0 21.59;
        1.0 600.0 529.0 23.77;
        1.0 751.0 622.0 31.62;
        1.0 596.0 645.0 32.2;
        2.0 808.0 655.0 29.43;
        3.0 768.0 744.0 21.1;
        3.0 656.0 625.0 17.46;
        3.0 693.0 618.0 21.63;
        2.0 545.0 674.0 18.44;
        3.0 564.0 721.0 24.41;
        3.0 56.0 617.0 9.85;
        3.0 142.0 647.0 9.85;
        3.0 248.0 622.0 9.85;
        3.0 194.0 711.0 7.07;
        3.0 216.0 684.0 33.94;
        2.0 50.0 777.0 23.71;
        3.0 161.0 775.0 9.22;
        3.0 240.0 979.0 18.44;
        3.0 240.0 756.0 19.24;
        3.0 34.0 681.0 20.0;
        3.0 110.0 713.0 13.89;
        3.0 155.0 718.0 13.89;
        1.0 687.0 790.0 18.38;
        3.0 648.0 855.0 16.12;
        3.0 592.0 915.0 14.21;
        3.0 574.0 795.0 6.32;
        3.0 700.0 964.0 29.97;
        1.0 762.0 936.0 25.08;
        2.0 779.0 973.0 15.26;
        2.0 748.0 1010.0 15.26;
        3.0 84.0 802.0 17.46;
        3.0 148.0 970.0 5.0;
        3.0 60.0 649.0 20.81;
        3.0 226.0 890.0 17.2
    ]
    ,
    [
        3.0 897.0 262.0 57.45;
        3.0 970.0 140.0 24.08;
        3.0 894.0 652.0 17.49
    ]
    ,
    [
        3.0 918.0 39.0 12.81;
        2.0 919.0 86.0 15.81;
        1.0 897.0 157.0 13.89;
        3.0 876.0 377.0 10.82
    ]
    ,
    [
        3.0 190.0 48.0 34.54;
        3.0 716.0 70.0 31.76;
        3.0 779.0 10.0 20.52;
        2.0 869.0 66.0 24.76;
        3.0 973.0 22.0 18.38;
        3.0 826.0 578.0 13.89;
        2.0 640.0 534.0 22.2;
        3.0 300.0 808.0 22.2;
        4.0 831.0 1020.0 4.47
    ]
    ,
    [
        2.0 42.0 511.0 28.84;
        3.0 86.0 612.0 34.0;
        3.0 251.0 678.0 34.0;
        3.0 311.0 740.0 29.68;
        3.0 436.0 806.0 28.43;
        3.0 137.0 774.0 39.66;
        3.0 221.0 929.0 25.5;
        3.0 10.0 801.0 22.02;
        3.0 202.0 746.0 22.02;
        3.0 87.0 791.0 14.14;
        3.0 131.0 826.0 11.31;
        3.0 21.0 732.0 11.31
    ]
    ,
    [
        4.0 185.0 85.0 5.0;
        4.0 328.0 171.0 5.0;
        2.0 190.0 312.0 34.66;
        2.0 744.0 345.0 30.23;
        1.0 893.0 213.0 30.23;
        4.0 793.0 153.0 2.24;
        3.0 957.0 406.0 29.12;
        2.0 604.0 738.0 22.47;
        4.0 515.0 669.0 3.61;
        4.0 498.0 710.0 3.61;
        4.0 314.0 766.0 5.0;
        4.0 62.0 786.0 6.4;
        4.0 37.0 819.0 5.0;
        4.0 28.0 839.0 3.61;
        4.0 23.0 846.0 2.83;
        4.0 157.0 965.0 5.0;
        4.0 178.0 795.0 2.24;
        4.0 203.0 899.0 2.24;
        4.0 226.0 905.0 1.41
    ]
    ,
    [
        2.0 969.0 961.0 23.6;
        2.0 900.0 977.0 23.6;
        1.0 988.0 732.0 18.38;
        2.0 548.0 659.0 19.42;
        2.0 559.0 699.0 8.6;
        3.0 694.0 461.0 14.21;
        3.0 625.0 414.0 24.84;
        3.0 107.0 316.0 32.65;
        3.0 84.0 396.0 29.07;
        3.0 99.0 88.0 29.07;
        3.0 43.0 28.0 37.64;
        2.0 37.0 370.0 20.81;
        4.0 220.0 269.0 12.04;
        4.0 163.0 419.0 12.04;
        3.0 327.0 555.0 30.61;
        3.0 416.0 697.0 30.61;
        3.0 220.0 787.0 17.89;
        3.0 330.0 966.0 20.25;
        3.0 270.0 934.0 26.4;
        2.0 65.0 1004.0 22.36;
        2.0 31.0 1003.0 10.82;
        3.0 431.0 886.0 28.79;
        3.0 492.0 837.0 20.62;
        3.0 610.0 910.0 19.1
    ]
    ,
    [
        2.0 54.0 313.0 4.47;
        2.0 63.0 454.0 13.04;
        2.0 947.0 137.0 28.3;
        1.0 974.0 360.0 21.95;
        1.0 934.0 566.0 15.62;
        2.0 1010.0 582.0 11.18;
        3.0 869.0 609.0 9.43;
        2.0 799.0 757.0 21.63;
        3.0 893.0 768.0 11.18;
        3.0 860.0 689.0 17.2;
        3.0 764.0 698.0 12.08;
        3.0 745.0 674.0 8.0;
        3.0 712.0 775.0 8.0;
        3.0 499.0 780.0 8.25;
        3.0 660.0 591.0 9.22;
        3.0 353.0 582.0 18.38;
        3.0 320.0 600.0 12.81;
        3.0 299.0 714.0 12.81;
        3.0 161.0 608.0 19.42;
        2.0 65.0 845.0 19.72;
        3.0 315.0 952.0 11.18;
        3.0 656.0 888.0 17.89;
        3.0 677.0 856.0 22.8;
        3.0 701.0 1007.0 17.49;
        3.0 913.0 903.0 13.89;
        2.0 991.0 971.0 30.68;
        3.0 900.0 974.0 12.21;
        3.0 960.0 1015.0 17.2
    ]
    ,
    [
        1.0 298.0 434.0 37.64;
        1.0 395.0 180.0 23.35;
        1.0 194.0 368.0 15.81;
        2.0 402.0 310.0 21.4;
        2.0 418.0 466.0 26.08;
        2.0 237.0 328.0 14.32;
        2.0 359.0 247.0 25.5;
        3.0 328.0 288.0 25.5;
        3.0 293.0 206.0 29.21;
        3.0 183.0 308.0 7.81;
        4.0 129.0 347.0 4.24;
        3.0 329.0 401.0 36.62;
        2.0 529.0 164.0 18.38;
        2.0 630.0 155.0 18.38;
        3.0 584.0 381.0 18.38;
        3.0 602.0 471.0 18.38;
        3.0 570.0 477.0 10.3;
        3.0 620.0 308.0 16.64;
        3.0 516.0 220.0 16.64;
        3.0 608.0 202.0 11.4;
        3.0 635.0 224.0 13.6;
        3.0 523.0 391.0 21.93;
        3.0 465.0 575.0 20.62;
        3.0 459.0 628.0 16.28;
        3.0 337.0 659.0 11.18;
        3.0 80.0 532.0 14.42;
        4.0 98.0 658.0 8.06;
        3.0 306.0 578.0 19.8;
        3.0 228.0 623.0 12.21;
        4.0 245.0 691.0 2.83;
        4.0 129.0 621.0 2.83
    ]
    ,
    [
        1.0 289.0 293.0 39.45;
        1.0 385.0 434.0 24.84;
        2.0 322.0 164.0 65.22;
        4.0 214.0 174.0 8.0;
        4.0 129.0 318.0 4.24;
        4.0 220.0 246.0 5.39;
        2.0 312.0 403.0 21.93;
        4.0 239.0 125.0 4.24;
        2.0 700.0 209.0 30.53;
        2.0 718.0 428.0 17.03;
        3.0 683.0 318.0 42.05;
        2.0 820.0 382.0 42.06;
        1.0 817.0 37.0 21.95;
        2.0 898.0 39.0 21.95;
        3.0 814.0 240.0 16.55;
        3.0 730.0 183.0 16.4;
        3.0 758.0 105.0 27.66;
        3.0 800.0 490.0 22.83;
        4.0 947.0 130.0 3.61;
        4.0 1006.0 204.0 3.61;
        4.0 1005.0 161.0 3.61;
        4.0 759.0 71.0 8.6;
        4.0 704.0 251.0 8.6;
        3.0 685.0 535.0 21.95;
        3.0 695.0 587.0 26.0;
        3.0 667.0 692.0 25.46;
        3.0 724.0 667.0 25.46;
        3.0 679.0 798.0 21.93;
        2.0 609.0 917.0 21.93;
        3.0 570.0 774.0 17.69;
        3.0 588.0 849.0 16.16;
        3.0 441.0 973.0 36.8;
        3.0 624.0 728.0 29.41;
        3.0 688.0 832.0 16.12;
        3.0 532.0 884.0 16.12;
        3.0 498.0 874.0 12.73;
        3.0 435.0 916.0 12.73;
        3.0 414.0 937.0 12.73
    ]
    ,
    [
        3.0 648.0 42.0 12.81;
        3.0 202.0 461.0 13.45
    ]
    ,
    [
        1.0 116.0 201.0 87.66;
        3.0 55.0 728.0 80.28
    ]
    ,
    [
        4.0 20.0 359.0 5.1;
        2.0 866.0 674.0 21.26;
        2.0 867.0 649.0 17.12;
        3.0 965.0 780.0 21.93;
        3.0 1001.0 791.0 23.71;
        3.0 966.0 504.0 13.45;
        4.0 548.0 723.0 5.0
    ]
    ,
    [
        2.0 416.0 694.0 23.85;
        3.0 41.0 652.0 37.16;
        2.0 159.0 813.0 17.8;
        1.0 98.0 986.0 39.05;
        1.0 421.0 990.0 25.24;
        3.0 260.0 692.0 8.94;
        4.0 43.0 908.0 4.24;
        1.0 617.0 872.0 21.95;
        4.0 608.0 894.0 5.0;
        4.0 903.0 941.0 4.47
    ]
    ,
    [
        3.0 606.0 183.0 30.08;
        1.0 839.0 162.0 34.06;
        1.0 772.0 346.0 29.61;
        2.0 816.0 368.0 28.32;
        2.0 968.0 446.0 28.32;
        2.0 992.0 319.0 40.0;
        2.0 1002.0 87.0 30.68;
        2.0 880.0 120.0 29.0;
        2.0 928.0 231.0 24.7;
        3.0 679.0 152.0 14.42;
        1.0 862.0 542.0 30.0;
        4.0 1004.0 530.0 5.0;
        4.0 1013.0 525.0 4.24;
        3.0 809.0 583.0 35.47;
        3.0 974.0 173.0 30.81
    ]
    ,
    [
        3.0 237.0 145.0 23.02;
        3.0 62.0 195.0 16.76;
        3.0 397.0 113.0 16.76;
        4.0 319.0 381.0 8.6;
        3.0 678.0 351.0 29.07;
        4.0 733.0 226.0 5.39;
        1.0 804.0 648.0 22.47;
        4.0 345.0 608.0 10.82;
        4.0 214.0 914.0 6.71;
        2.0 888.0 892.0 22.36;
        2.0 982.0 981.0 24.21;
        3.0 955.0 743.0 18.44;
        4.0 908.0 839.0 3.61;
        4.0 916.0 842.0 2.0;
        4.0 925.0 847.0 2.83;
        4.0 896.0 817.0 2.83
    ]
    ,
    [
        1.0 257.0 364.0 18.79;
        1.0 548.0 424.0 31.4;
        4.0 510.0 272.0 11.66;
        4.0 442.0 253.0 11.7;
        1.0 643.0 398.0 25.61;
        2.0 724.0 206.0 56.4;
        4.0 801.0 113.0 8.6;
        4.0 812.0 194.0 13.93;
        4.0 671.0 152.0 5.66;
        4.0 738.0 65.0 5.0;
        4.0 940.0 239.0 6.4;
        1.0 753.0 465.0 19.7;
        1.0 868.0 387.0 15.62;
        1.0 906.0 464.0 34.71;
        1.0 877.0 521.0 22.8;
        1.0 800.0 602.0 22.8;
        1.0 530.0 615.0 17.0;
        2.0 899.0 635.0 16.55;
        1.0 989.0 572.0 22.67;
        2.0 999.0 548.0 17.89;
        4.0 936.0 527.0 13.93;
        4.0 806.0 509.0 5.39;
        1.0 611.0 754.0 30.68;
        3.0 555.0 835.0 24.04;
        4.0 926.0 676.0 5.0;
        4.0 765.0 984.0 3.61;
        4.0 774.0 983.0 3.61
    ]
    ,
    [
        1.0 117.0 253.0 22.36;
        2.0 388.0 124.0 27.46;
        3.0 118.0 219.0 15.65;
        3.0 492.0 345.0 15.65;
        2.0 566.0 320.0 30.81;
        3.0 554.0 245.0 28.84;
        4.0 509.0 185.0 3.61;
        3.0 596.0 410.0 16.64;
        3.0 617.0 378.0 18.87;
        3.0 755.0 296.0 19.72;
        2.0 824.0 216.0 27.31;
        2.0 922.0 333.0 20.62;
        3.0 882.0 35.0 26.02;
        4.0 699.0 158.0 4.47;
        4.0 550.0 59.0 1.41;
        4.0 545.0 55.0 2.0;
        4.0 931.0 158.0 2.24;
        4.0 912.0 222.0 2.24;
        3.0 401.0 603.0 18.6;
        3.0 281.0 582.0 18.6;
        3.0 350.0 604.0 12.81;
        3.0 489.0 693.0 18.44;
        4.0 357.0 658.0 4.12;
        4.0 315.0 660.0 2.83;
        4.0 111.0 634.0 3.61;
        3.0 440.0 736.0 9.49;
        3.0 406.0 798.0 16.55
    ]
    ,
    [
        2.0 135.0 54.0 19.1;
        2.0 276.0 83.0 19.1;
        2.0 450.0 343.0 9.85;
        3.0 330.0 374.0 17.09;
        2.0 80.0 450.0 14.21;
        2.0 46.0 428.0 17.69;
        3.0 518.0 104.0 10.63;
        3.0 578.0 76.0 10.63;
        3.0 351.0 123.0 11.18;
        3.0 502.0 354.0 12.08;
        3.0 512.0 381.0 11.66;
        3.0 284.0 468.0 12.21;
        3.0 520.0 428.0 12.21;
        2.0 623.0 173.0 24.6;
        3.0 602.0 239.0 12.73;
        3.0 475.0 58.0 7.62;
        3.0 533.0 147.0 7.21;
        3.0 433.0 202.0 7.21;
        3.0 604.0 348.0 13.45;
        3.0 859.0 286.0 13.45;
        2.0 964.0 507.0 23.54;
        2.0 772.0 480.0 17.12;
        3.0 793.0 445.0 13.45;
        3.0 817.0 457.0 15.62;
        3.0 747.0 472.0 6.71;
        3.0 825.0 505.0 11.66;
        3.0 719.0 570.0 10.3;
        3.0 650.0 561.0 15.81;
        3.0 778.0 644.0 7.81;
        3.0 845.0 638.0 8.94;
        3.0 897.0 526.0 8.94;
        3.0 894.0 600.0 7.07;
        3.0 768.0 432.0 12.08;
        3.0 864.0 581.0 7.62;
        3.0 859.0 713.0 7.62;
        3.0 778.0 523.0 8.6;
        3.0 629.0 461.0 12.21;
        3.0 864.0 603.0 6.4;
        3.0 856.0 603.0 5.83;
        3.0 459.0 565.0 21.63;
        3.0 493.0 563.0 12.53;
        3.0 313.0 647.0 20.62;
        3.0 293.0 668.0 15.62;
        3.0 637.0 760.0 19.21;
        2.0 58.0 531.0 26.87;
        2.0 187.0 907.0 16.55;
        3.0 430.0 866.0 13.89;
        3.0 220.0 970.0 8.06;
        3.0 75.0 926.0 20.52;
        3.0 525.0 844.0 7.81;
        3.0 598.0 828.0 7.81;
        3.0 734.0 1011.0 12.21;
        3.0 982.0 767.0 12.21;
        3.0 967.0 635.0 20.81;
        3.0 624.0 699.0 20.81;
        3.0 677.0 862.0 20.81;
        3.0 783.0 781.0 5.39;
        4.0 766.0 911.0 5.39;
        3.0 767.0 562.0 34.01;
        3.0 703.0 653.0 10.63;
        3.0 724.0 631.0 13.04;
        3.0 733.0 506.0 27.2
    ]
    ,
    [
        4.0 43.0 506.0 8.06;
        4.0 17.0 560.0 13.04;
        4.0 345.0 897.0 6.08;
        4.0 605.0 952.0 6.4
    ]
    ,
    [
        1.0 339.0 215.0 12.21;
        4.0 251.0 318.0 6.08;
        4.0 433.0 360.0 6.08;
        2.0 1000.0 393.0 22.83;
        4.0 929.0 465.0 6.32;
        3.0 936.0 691.0 8.6
    ]
    ,
    [
        4.0 161.0 339.0 6.08;
        4.0 388.0 275.0 8.06;
        4.0 525.0 5.0 6.4;
        3.0 834.0 166.0 17.46;
        4.0 730.0 375.0 9.0;
        4.0 851.0 267.0 5.1;
        4.0 918.0 227.0 5.1;
        3.0 971.0 465.0 17.49;
        4.0 966.0 645.0 5.83;
        1.0 715.0 653.0 22.02;
        4.0 887.0 700.0 4.47;
        4.0 913.0 807.0 5.0;
        3.0 860.0 537.0 22.8;
        2.0 647.0 895.0 35.0;
        2.0 562.0 976.0 31.14;
        4.0 956.0 904.0 7.81;
        3.0 888.0 946.0 43.29;
        4.0 899.0 982.0 8.0;
        2.0 798.0 984.0 15.52;
        4.0 841.0 1017.0 7.07;
        4.0 948.0 889.0 5.1;
        4.0 930.0 847.0 5.1;
        2.0 712.0 983.0 23.19;
        2.0 763.0 1010.0 26.91;
        4.0 74.0 751.0 10.05;
        4.0 338.0 1006.0 5.83;
        4.0 349.0 321.0 8.94;
        4.0 398.0 824.0 5.66;
        3.0 32.0 911.0 32.2;
        3.0 37.0 860.0 20.88
    ]
    ,
    [
        4.0 429.0 14.0 6.4;
        2.0 154.0 357.0 24.35;
        1.0 583.0 230.0 36.25;
        2.0 520.0 456.0 33.62;
        4.0 631.0 46.0 7.28;
        4.0 439.0 310.0 7.28;
        1.0 722.0 208.0 45.61;
        4.0 701.0 175.0 5.66;
        3.0 618.0 160.0 25.08;
        4.0 774.0 251.0 6.4;
        4.0 713.0 402.0 6.4;
        3.0 689.0 338.0 37.36;
        4.0 777.0 87.0 7.62;
        4.0 525.0 72.0 5.0;
        4.0 775.0 353.0 5.0;
        3.0 885.0 130.0 26.4;
        2.0 608.0 677.0 45.04;
        2.0 648.0 723.0 14.21;
        3.0 419.0 747.0 23.77;
        4.0 342.0 721.0 5.39;
        4.0 303.0 772.0 5.39;
        3.0 388.0 881.0 10.44;
        3.0 245.0 914.0 12.17;
        4.0 79.0 682.0 5.0;
        3.0 387.0 1005.0 21.02;
        4.0 315.0 672.0 5.0;
        4.0 25.0 669.0 5.0;
        3.0 62.0 372.0 18.44
    ]
    ,
    [
        4.0 7.0 109.0 7.07;
        4.0 69.0 398.0 7.07;
        4.0 958.0 338.0 4.47;
        4.0 956.0 407.0 6.08;
        4.0 663.0 536.0 6.08;
        4.0 18.0 43.0 4.24
    ]
    ,
    [
        2.0 14.0 276.0 19.0;
        4.0 243.0 316.0 4.47;
        4.0 21.0 354.0 4.47;
        4.0 60.0 420.0 5.0;
        4.0 98.0 151.0 5.0;
        2.0 592.0 878.0 16.12;
        4.0 138.0 394.0 4.24
    ]
    ,
    [
        1.0 631.0 653.0 16.03;
        1.0 680.0 623.0 29.07;
        4.0 858.0 121.0 7.07;
        4.0 767.0 53.0 5.39;
        4.0 886.0 262.0 5.39;
        4.0 885.0 190.0 5.39;
        4.0 723.0 561.0 11.0;
        4.0 560.0 703.0 5.39
    ]
    ,
    [
        4.0 119.0 267.0 7.28;
        2.0 555.0 216.0 39.29;
        2.0 886.0 7.0 42.95;
        2.0 457.0 924.0 35.69;
        3.0 741.0 508.0 30.02
    ]
    ,
    [
        2.0 472.0 155.0 25.81;
        2.0 394.0 486.0 20.1;
        4.0 133.0 236.0 4.24;
        3.0 265.0 156.0 12.65;
        3.0 438.0 286.0 21.54;
        4.0 601.0 197.0 8.49;
        4.0 295.0 78.0 8.49;
        3.0 978.0 147.0 11.18;
        4.0 984.0 96.0 8.6;
        3.0 700.0 208.0 17.72;
        3.0 685.0 53.0 15.13;
        4.0 837.0 98.0 6.4;
        3.0 901.0 856.0 43.46;
        3.0 129.0 798.0 49.77;
        2.0 46.0 922.0 33.54;
        3.0 34.0 719.0 16.28;
        4.0 517.0 327.0 6.71
    ]
    ,
    [
        1.0 101.0 45.0 45.12;
        4.0 360.0 78.0 7.07;
        2.0 204.0 390.0 18.25;
        4.0 138.0 277.0 5.39;
        4.0 310.0 366.0 6.0;
        4.0 616.0 91.0 7.07;
        3.0 643.0 540.0 13.0;
        3.0 644.0 629.0 13.0;
        4.0 305.0 575.0 5.83;
        4.0 178.0 45.0 5.83
    ]
    ,
    [
        4.0 380.0 856.0 5.83
    ]
    ,
    [
        3.0 447.0 26.0 9.85;
        4.0 845.0 180.0 5.1;
        3.0 1015.0 491.0 9.49;
        3.0 614.0 783.0 8.06;
        4.0 653.0 622.0 4.12
    ]
    ,
    [
        3.0 337.0 288.0 16.03;
        3.0 837.0 571.0 11.0;
        4.0 715.0 940.0 5.1;
        2.0 918.0 924.0 14.14
    ]
    ,
    [
        2.0 430.0 514.0 36.36
    ]
    ,
    [
        4.0 119.0 918.0 5.66
    ]
    ,
    [
        4.0 752.0 544.0 5.66;
        3.0 831.0 334.0 30.07;
        3.0 911.0 458.0 25.5
    ]
    ,
    [
        1.0 650.0 692.0 25.5
    ]
    ,
    [
        4.0 835.0 954.0 6.08;
        3.0 633.0 964.0 35.9
    ]
    ,
    [
        4.0 189.0 181.0 5.0;
        4.0 667.0 617.0 6.4;
        3.0 543.0 840.0 14.56
    ]
    ,
    [
        4.0 243.0 299.0 5.83;
        4.0 548.0 720.0 5.83;
        2.0 296.0 653.0 15.65
    ]
    ,
    [
        4.0 110.0 448.0 11.18;
        4.0 110.0 420.0 14.14
    ]
    ,
    [
        4.0 846.0 703.0 9.49;
        4.0 858.0 703.0 4.47
    ]
    ,
    [
        1.0 439.0 486.0 50.09;
        2.0 141.0 1012.0 21.84
    ]
    ,
    [
        1.0 273.0 257.0 34.06;
        4.0 307.0 480.0 8.94;
        2.0 607.0 40.0 30.41;
        3.0 387.0 237.0 30.41;
        3.0 443.0 225.0 18.03;
        4.0 278.0 517.0 7.21;
        3.0 652.0 73.0 25.32;
        1.0 951.0 430.0 14.21;
        4.0 940.0 52.0 5.39;
        2.0 842.0 134.0 11.0;
        3.0 1022.0 228.0 56.14;
        2.0 316.0 911.0 19.24
    ]
    ,
    [
        4.0 106.0 5.0 6.71;
        2.0 134.0 193.0 34.01;
        4.0 24.0 189.0 7.0;
        4.0 46.0 188.0 6.32;
        4.0 32.0 157.0 4.12;
        4.0 6.0 192.0 4.47;
        3.0 161.0 513.0 26.57
    ]
    ,
    [
        4.0 831.0 780.0 5.83;
        4.0 100.0 686.0 5.83
    ]
    ,
    [
        4.0 677.0 997.0 5.83;
        4.0 691.0 963.0 5.83;
        4.0 418.0 957.0 5.83;
        4.0 468.0 964.0 5.83
    ]
    ,
    [
        2.0 962.0 597.0 42.72;
        4.0 63.0 813.0 9.49
    ]
    ,
    [
        4.0 918.0 893.0 5.39
    ]
    ,
    [
        3.0 413.0 176.0 15.13;
        4.0 527.0 124.0 6.32
    ]
    ,
    [
        4.0 135.0 226.0 5.1;
        3.0 880.0 296.0 20.02
    ]
    ,
    [
        2.0 79.0 339.0 30.15;
        2.0 446.0 63.0 18.03;
        4.0 346.0 140.0 5.0;
        2.0 412.0 105.0 7.07;
        2.0 291.0 212.0 9.06;
        2.0 507.0 148.0 39.05;
        4.0 368.0 87.0 4.47;
        3.0 466.0 262.0 11.05;
        1.0 813.0 136.0 32.06;
        3.0 769.0 74.0 13.42;
        4.0 630.0 139.0 7.28;
        4.0 435.0 780.0 5.0;
        4.0 729.0 959.0 5.0;
        4.0 426.0 606.0 5.0;
        3.0 337.0 205.0 23.35
    ]
    ,
    [
        2.0 910.0 902.0 33.24;
        2.0 752.0 897.0 12.37;
        3.0 455.0 969.0 12.37;
        4.0 513.0 899.0 4.47
    ]
    ,
    [
        4.0 397.0 261.0 4.47
    ]
    ,
    [
        2.0 832.0 602.0 24.0;
        2.0 847.0 821.0 9.22;
        3.0 653.0 972.0 17.26;
        4.0 924.0 645.0 5.0;
        3.0 870.0 725.0 34.53;
        3.0 851.0 674.0 23.02
    ]
    ,
    [
        4.0 600.0 403.0 6.4;
        2.0 732.0 436.0 14.87;
        4.0 688.0 535.0 5.39;
        4.0 327.0 676.0 5.39;
        4.0 528.0 164.0 5.39
    ]
    ,
    [
        3.0 318.0 582.0 41.59;
        2.0 10.0 310.0 15.26;
        4.0 647.0 944.0 4.47;
        4.0 746.0 946.0 4.47;
        2.0 690.0 977.0 13.6
    ]
    ,
    [
        3.0 619.0 473.0 14.56
    ]
    ,
    [
        2.0 494.0 49.0 36.36;
        2.0 961.0 454.0 12.04;
        3.0 795.0 462.0 12.04
    ]
    ,
    [
        3.0 212.0 212.0 12.04;
        4.0 859.0 848.0 5.1;
        3.0 400.0 802.0 11.18
    ]
    ,
    [
        2.0 258.0 27.0 12.0;
        4.0 204.0 76.0 5.39;
        4.0 65.0 25.0 5.39;
        3.0 71.0 147.0 11.05;
        4.0 143.0 206.0 6.71;
        4.0 545.0 22.0 4.24;
        4.0 165.0 875.0 4.24
    ]
]